# forward	drive	fq_max	z_max	a1	a3	g1	g2	g3	f	a1_err	a3_err	g1_err	g2_err	g3_err	f_err	redchi	fname
0 5.000000e-04 1.582721e+04 5.652550e-04 9.888582e+09 2.856310e+22 1.878115e+01 1.499508e+04 0.000000e+00 1.389632e-02 150289.135697 14205694453810712281088.000000 6.763553 14571.254190 0.000000 4.768860e-09 \20220818T012612-auxfork-filterbox.dat
0 5.260000e-04 1.582643e+04 5.913993e-04 9.887827e+09 6.242904e+22 1.197863e+01 2.150363e+04 0.000000e+00 1.315835e-02 159897.581443 13050726355506133204992.000000 7.929251 16585.159302 0.000000 4.450988e-09 \20220818T012954-auxfork-filterbox.dat
0 5.530000e-04 1.582728e+04 6.126913e-04 9.888350e+09 3.548006e+22 2.103110e+01 8.251909e+03 0.000000e+00 1.532566e-02 105169.520857 7895094651996212297728.000000 4.480500 8689.918595 0.000000 3.001707e-09 \20220818T013336-auxfork-filterbox.dat
0 5.820000e-04 1.582710e+04 6.786786e-04 9.889159e+09 -8.986284e+21 3.743709e-09 3.531837e+04 0.000000e+00 1.278200e-02 nan nan nan nan nan 3.202259e-09 \20220818T013718-auxfork-filterbox.dat
0 6.130000e-04 1.582688e+04 7.349311e-04 9.889073e+09 1.731016e+20 2.486050e+01 -8.808166e+01 0.000000e+00 1.735083e-02 113188.003871 6531987490970445807616.000000 4.650095 7779.752186 0.000000 6.648377e-09 \20220818T014100-auxfork-filterbox.dat
0 6.450000e-04 1.582733e+04 7.566851e-04 9.888876e+09 7.272559e+21 1.751970e+01 1.197322e+04 0.000000e+00 1.785702e-02 133071.625423 7060544362344563605504.000000 5.661254 9160.636472 0.000000 9.867630e-09 \20220818T014441-auxfork-filterbox.dat
0 6.780000e-04 1.582719e+04 8.133225e-04 9.888592e+09 1.472543e+22 2.405425e+01 1.343427e+03 0.000000e+00 1.995617e-02 117978.036251 5501654057464837963776.000000 4.703141 6935.142420 0.000000 1.346702e-08 \20220818T014823-auxfork-filterbox.dat
0 7.130000e-04 1.582737e+04 8.357136e-04 9.888735e+09 1.212719e+22 2.754907e+01 -3.447746e+03 0.000000e+00 2.060009e-02 100753.297250 4269685769422310473728.000000 3.913440 5594.619103 0.000000 8.236114e-09 \20220818T015205-auxfork-filterbox.dat
0 7.510000e-04 1.582700e+04 9.239257e-04 9.888752e+09 1.121905e+22 2.633189e+01 -2.405417e+03 0.000000e+00 2.165734e-02 89283.491725 3319822981786012483584.000000 3.468494 4611.662343 0.000000 9.363775e-09 \20220818T015547-auxfork-filterbox.dat
0 7.900000e-04 1.582703e+04 9.647131e-04 9.889066e+09 4.482104e+21 2.244671e+01 1.265520e+03 0.000000e+00 2.244171e-02 86635.425843 2750519758457682264064.000000 3.595515 4446.866637 0.000000 1.316977e-08 \20220818T015929-auxfork-filterbox.dat
0 8.310000e-04 1.582689e+04 1.008458e-03 9.889102e+09 2.716962e+21 2.702326e+01 -3.003925e+03 0.000000e+00 2.422882e-02 74808.560429 2233649624309064269824.000000 2.966952 3503.605292 0.000000 1.157937e-08 \20220818T020311-auxfork-filterbox.dat
0 8.740000e-04 1.582720e+04 1.054153e-03 9.889076e+09 2.018631e+20 1.729715e+01 7.294121e+03 0.000000e+00 2.405353e-02 77310.535455 2008586800111602106368.000000 3.466729 4003.425490 0.000000 1.276487e-08 \20220818T020653-auxfork-filterbox.dat
0 9.200000e-04 1.582675e+04 1.125788e-03 9.889000e+09 1.279302e+21 2.906397e+01 -4.511387e+03 0.000000e+00 2.774075e-02 72605.349812 1675882787870165696512.000000 2.962112 3133.553506 0.000000 1.712833e-08 \20220818T021035-auxfork-filterbox.dat
0 9.670000e-04 1.582677e+04 1.214337e-03 9.889038e+09 1.384091e+21 2.538316e+01 -1.316934e+03 0.000000e+00 2.862727e-02 61952.471181 1238495644324170825728.000000 2.544124 2519.272810 0.000000 1.559459e-08 \20220818T021417-auxfork-filterbox.dat
0 1.018000e-03 1.582653e+04 1.268071e-03 9.888823e+09 2.685085e+21 3.071222e+01 -5.790547e+03 0.000000e+00 3.096849e-02 60502.810770 1138204738663250132992.000000 2.328822 2197.910361 0.000000 1.836592e-08 \20220818T021759-auxfork-filterbox.dat
0 1.071000e-03 1.582668e+04 1.382685e-03 9.889033e+09 -7.191211e+20 2.747385e+01 -3.399542e+03 0.000000e+00 3.201513e-02 62749.165605 1017369158274774859776.000000 2.531209 2208.222323 0.000000 2.837715e-08 \20220818T022140-auxfork-filterbox.dat
0 1.127000e-03 1.582662e+04 1.484646e-03 9.889207e+09 -2.794914e+21 2.887296e+01 -4.382417e+03 0.000000e+00 3.413213e-02 49792.738447 711227728429353926656.000000 1.991475 1616.144928 0.000000 2.320247e-08 \20220818T022522-auxfork-filterbox.dat
0 1.185000e-03 1.582658e+04 1.558244e-03 9.889254e+09 -3.145587e+21 2.806698e+01 -3.461048e+03 0.000000e+00 3.607728e-02 54769.667562 701221591031240327168.000000 2.195435 1683.359881 0.000000 3.444854e-08 \20220818T022904-auxfork-filterbox.dat
0 1.247000e-03 1.582599e+04 1.646252e-03 9.889062e+09 -1.914103e+21 2.964903e+01 -4.542145e+03 0.000000e+00 3.833633e-02 50989.606610 572937083865055100928.000000 2.008208 1444.634995 0.000000 3.639502e-08 \20220818T023246-auxfork-filterbox.dat
0 1.312000e-03 1.582627e+04 1.757251e-03 9.889350e+09 -4.538178e+21 2.192967e+01 -1.334605e+02 0.000000e+00 3.772000e-02 46153.740479 453346089965932249088.000000 1.892101 1280.998473 0.000000 3.368661e-08 \20220818T023628-auxfork-filterbox.dat
0 1.380000e-03 1.582618e+04 1.939592e-03 9.889466e+09 -5.210465e+21 2.552259e+01 -2.333344e+03 0.000000e+00 4.156023e-02 40390.824450 344607606765700382720.000000 1.628945 1004.295948 0.000000 3.992766e-08 \20220818T024010-auxfork-filterbox.dat
0 1.452000e-03 1.582609e+04 2.035314e-03 9.889254e+09 -4.363977e+21 2.654059e+01 -2.764139e+03 0.000000e+00 4.367169e-02 47424.205056 373148845482652401664.000000 1.858429 1082.603761 0.000000 6.221501e-08 \20220818T024352-auxfork-filterbox.dat
0 1.528000e-03 1.582598e+04 2.175606e-03 9.889252e+09 -4.101529e+21 2.666030e+01 -2.823539e+03 0.000000e+00 4.612456e-02 42658.395438 320627084709576966144.000000 1.700148 911.888750 0.000000 6.377897e-08 \20220818T024734-auxfork-filterbox.dat
0 1.608000e-03 1.582550e+04 2.360721e-03 9.889468e+09 -5.217441e+21 2.686851e+01 -3.045222e+03 0.000000e+00 4.871346e-02 38833.512844 260480281684071645184.000000 1.639586 801.652076 0.000000 6.918236e-08 \20220818T025116-auxfork-filterbox.dat
0 1.691000e-03 1.582533e+04 2.478977e-03 9.889403e+09 -4.963657e+21 2.876183e+01 -3.746459e+03 0.000000e+00 5.189910e-02 30954.024878 183077049010756648960.000000 1.237844 570.676629 0.000000 5.376630e-08 \20220818T025457-auxfork-filterbox.dat
0 1.779000e-03 1.582532e+04 2.646378e-03 9.889176e+09 -4.417823e+21 2.480590e+01 -2.121049e+03 0.000000e+00 5.286403e-02 40887.422866 200403596976737976320.000000 1.970460 857.493526 0.000000 1.151367e-07 \20220818T025839-auxfork-filterbox.dat
0 1.872000e-03 1.582454e+04 2.797388e-03 9.889071e+09 -4.369803e+21 2.585023e+01 -2.371880e+03 0.000000e+00 5.626398e-02 44668.497272 202233469217222754304.000000 2.210333 907.630926 0.000000 1.567630e-07 \20220818T030221-auxfork-filterbox.dat
0 1.970000e-03 1.582411e+04 3.007745e-03 9.889198e+09 -5.122357e+21 1.970084e+01 -2.389875e+02 0.000000e+00 5.757023e-02 39255.253202 129783860649336848384.000000 2.098969 802.048848 0.000000 1.364962e-07 \20220818T030603-auxfork-filterbox.dat
0 2.072000e-03 1.582365e+04 3.217889e-03 9.889284e+09 -5.416181e+21 1.580335e+01 1.145411e+03 0.000000e+00 6.046418e-02 39418.043447 111093087115858804736.000000 2.479853 890.193251 0.000000 1.461735e-07 \20220818T030945-auxfork-filterbox.dat
0 2.180000e-03 1.582319e+04 3.396088e-03 9.888964e+09 -5.394374e+21 1.087328e-06 6.553148e+03 0.000000e+00 6.226260e-02 42286.305638 125080027662321434624.000000 2.585087 876.204482 0.000000 2.527057e-07 \20220818T031327-auxfork-filterbox.dat
0 2.294000e-03 1.582225e+04 3.621352e-03 9.889065e+09 -5.666917e+21 1.661589e-06 6.409505e+03 0.000000e+00 6.746721e-02 42437.671058 109534862665878126592.000000 3.545167 1159.611831 0.000000 2.489179e-07 \20220818T031709-auxfork-filterbox.dat
0 2.413000e-03 1.582184e+04 3.718798e-03 9.888891e+09 -5.527170e+21 1.277921e-07 6.404155e+03 0.000000e+00 7.049865e-02 55957.730686 121367041098371383296.000000 0.494490 212.118255 0.000000 5.577767e-07 \20220818T032051-auxfork-filterbox.dat
0 2.539000e-03 1.582180e+04 3.776273e-03 9.889308e+09 -6.002505e+21 1.077186e-05 6.110791e+03 0.000000e+00 7.435072e-02 51730.473572 84562938114880389120.000000 4.467123 1392.868938 0.000000 3.424031e-07 \20220818T032432-auxfork-filterbox.dat
0 2.671000e-03 1.582109e+04 3.828675e-03 9.888932e+09 -5.582867e+21 7.867667e-06 6.402025e+03 0.000000e+00 7.830771e-02 79971.392482 130415673569699135488.000000 7.687246 2407.693360 0.000000 8.708894e-07 \20220818T032814-auxfork-filterbox.dat
0 2.810000e-03 1.582103e+04 3.901473e-03 9.888921e+09 -5.597149e+21 1.641982e-05 6.640998e+03 0.000000e+00 8.510214e-02 77191.508846 106179307766414589952.000000 7.108883 2208.229563 0.000000 1.017646e-06 \20220818T033156-auxfork-filterbox.dat
0 2.956000e-03 1.582046e+04 3.925279e-03 9.889013e+09 -5.883549e+21 1.287522e-05 6.529215e+03 0.000000e+00 8.860036e-02 87555.236414 95790169085554212864.000000 7.519351 2317.738485 0.000000 1.247292e-06 \20220818T033538-auxfork-filterbox.dat
0 3.110000e-03 1.582010e+04 3.956197e-03 9.888995e+09 -5.792732e+21 6.469099e-06 6.716153e+03 0.000000e+00 9.218676e-02 96867.469938 105861092976363618304.000000 8.354844 2578.841879 0.000000 1.723950e-06 \20220818T033920-auxfork-filterbox.dat
0 3.272000e-03 1.582007e+04 4.007820e-03 9.889008e+09 -5.907111e+21 2.010523e-05 6.578776e+03 0.000000e+00 9.751928e-02 127927.485759 118568419244969721856.000000 10.985737 3353.791479 0.000000 3.234347e-06 \20220818T034302-auxfork-filterbox.dat
0 3.443000e-03 1.581974e+04 4.044841e-03 9.889065e+09 -6.055273e+21 8.560230e-06 6.928199e+03 0.000000e+00 1.055844e-01 126085.429217 118352594110585634816.000000 9.884102 2970.579328 0.000000 4.196773e-06 \20220818T034644-auxfork-filterbox.dat
0 3.622000e-03 1.581976e+04 3.997849e-03 9.888887e+09 -5.901787e+21 9.378554e-07 7.342222e+03 0.000000e+00 1.096903e-01 111455.869345 138570566322351472640.000000 5.083785 1576.723202 0.000000 5.398805e-06 \20220818T035026-auxfork-filterbox.dat
0 3.811000e-03 1.581891e+04 4.043812e-03 9.888958e+09 -5.940297e+21 9.390838e-05 7.454903e+03 0.000000e+00 1.151267e-01 165040.213235 142705498773637152768.000000 14.692755 4413.229269 0.000000 6.836435e-06 \20220818T035408-auxfork-filterbox.dat
0 4.009000e-03 1.581864e+04 4.070911e-03 9.889036e+09 -6.068609e+21 5.915365e-06 7.649155e+03 0.000000e+00 1.205897e-01 165077.031061 144174089699785441280.000000 14.039407 4155.531650 0.000000 8.269425e-06 \20220818T035750-auxfork-filterbox.dat
0 4.218000e-03 1.581834e+04 4.102781e-03 9.889191e+09 -6.256120e+21 9.107535e-05 7.948729e+03 0.000000e+00 1.282338e-01 143431.744335 145729025070098038784.000000 52.322630 2763.065927 0.000000 1.066430e-05 \20220818T040132-auxfork-filterbox.dat
0 4.438000e-03 1.581873e+04 4.100076e-03 9.888952e+09 -6.097786e+21 8.139816e-05 8.252300e+03 0.000000e+00 1.352691e-01 167064.186111 162123090021126701056.000000 55.762482 3320.692379 0.000000 1.452812e-05 \20220818T040514-auxfork-filterbox.dat
0 4.669000e-03 1.581776e+04 4.122899e-03 9.888951e+09 -6.193993e+21 9.611525e-05 8.520122e+03 0.000000e+00 1.414704e-01 228526.527123 183914778589512663040.000000 21.489127 6350.821794 0.000000 2.003892e-05 \20220818T040856-auxfork-filterbox.dat
0 4.912000e-03 1.581747e+04 4.171891e-03 9.889251e+09 -6.491561e+21 1.935104e-05 8.813871e+03 0.000000e+00 1.499237e-01 208758.038946 167287554174080745472.000000 18.476890 5393.656365 0.000000 2.070727e-05 \20220818T041238-auxfork-filterbox.dat
0 5.168000e-03 1.581714e+04 4.150838e-03 9.889179e+09 -6.476466e+21 1.252235e-04 9.083970e+03 0.000000e+00 1.579459e-01 244982.778043 192783273755460763648.000000 22.974127 6691.061359 0.000000 2.985626e-05 \20220818T041619-auxfork-filterbox.dat
0 5.437000e-03 1.581755e+04 4.214731e-03 9.889294e+09 -6.603229e+21 1.141526e-05 9.360763e+03 0.000000e+00 1.662480e-01 268888.869199 209387264614875987968.000000 25.137813 7284.240011 0.000000 4.110949e-05 \20220818T042001-auxfork-filterbox.dat
0 5.721000e-03 1.581640e+04 4.216338e-03 9.889268e+09 -6.690164e+21 1.130865e-05 9.450580e+03 0.000000e+00 1.721716e-01 282446.329598 219747828668920758272.000000 28.718751 8246.731138 0.000000 5.034429e-05 \20220818T042343-auxfork-filterbox.dat
0 6.018000e-03 1.581644e+04 4.232399e-03 9.889438e+09 -6.822417e+21 1.253361e-04 9.837703e+03 0.000000e+00 1.843356e-01 311048.197469 234698781000904540160.000000 30.258690 8669.245718 0.000000 6.827253e-05 \20220818T042725-auxfork-filterbox.dat
0 6.332000e-03 1.581560e+04 4.307524e-03 9.889765e+09 -7.143094e+21 1.548246e-05 9.975715e+03 0.000000e+00 1.919992e-01 320166.428170 240401122773764931584.000000 31.759647 9046.472153 0.000000 8.228399e-05 \20220818T043107-auxfork-filterbox.dat
0 6.662000e-03 1.581563e+04 4.269559e-03 9.889480e+09 -7.081837e+21 1.155271e-04 1.050017e+04 0.000000e+00 2.034034e-01 360541.226851 265916601105440833536.000000 46.237848 10621.212031 0.000000 1.105312e-04 \20220818T043449-auxfork-filterbox.dat
0 7.009000e-03 1.581525e+04 4.249354e-03 9.889502e+09 -7.235915e+21 1.380396e-05 1.084195e+04 0.000000e+00 2.123405e-01 371609.518548 291465523611617460224.000000 35.572053 10151.815144 0.000000 1.416686e-04 \20220818T043831-auxfork-filterbox.dat
0 7.374000e-03 1.581533e+04 4.317779e-03 9.889819e+09 -7.500039e+21 2.845061e-05 1.128330e+04 0.000000e+00 2.257104e-01 405422.446548 291531983029180465152.000000 41.925145 11706.808158 0.000000 1.751583e-04 \20220818T044213-auxfork-filterbox.dat
0 7.758000e-03 1.581394e+04 4.318277e-03 9.889665e+09 -7.443012e+21 2.138546e-05 1.176719e+04 0.000000e+00 2.374019e-01 418728.336739 311857277267914784768.000000 43.356642 12214.551178 0.000000 2.233372e-04 \20220818T044555-auxfork-filterbox.dat
0 8.162000e-03 1.581349e+04 4.347562e-03 9.889702e+09 -7.538905e+21 7.822161e-05 1.228176e+04 0.000000e+00 2.507200e-01 446555.134661 320663954632765014016.000000 49.060080 13670.024147 0.000000 2.795777e-04 \20220818T044937-auxfork-filterbox.dat
0 8.587000e-03 1.581357e+04 4.369388e-03 9.890172e+09 -7.899225e+21 4.039867e-05 1.246705e+04 0.000000e+00 2.636416e-01 463844.331407 334257999617806368768.000000 50.239576 13866.813245 0.000000 3.491613e-04 \20220818T045319-auxfork-filterbox.dat
0 9.034000e-03 1.581252e+04 4.373222e-03 9.889803e+09 -7.923865e+21 1.371739e-08 1.327798e+04 0.000000e+00 2.751474e-01 nan nan nan nan nan 4.148018e-04 \20220818T045700-auxfork-filterbox.dat
0 9.505000e-03 1.581282e+04 4.394319e-03 9.889994e+09 -8.026347e+21 5.753931e-11 1.368321e+04 0.000000e+00 2.876396e-01 nan nan nan nan nan 4.990687e-04 \20220818T050042-auxfork-filterbox.dat
0 1.000000e-02 1.581289e+04 4.379836e-03 9.889127e+09 -7.687354e+21 4.178591e-09 1.444141e+04 0.000000e+00 3.026034e-01 nan nan nan nan nan 6.525923e-04 \20220818T050424-auxfork-filterbox.dat
