# Sweep from 15845.292Hz to 15805.217Hz step -0.33395833333332425Hz delay 0.8s
# Excitation 0.001970Vpp attenuator 0 dB
# time(s), freq(Hz), absorption(nA), dispersion(nA)
71702.08 15845.292 2.1924 -0.30360371
71702.90 15844.958 2.1944754 -0.30173777
71703.71 15844.624 2.197253 -0.30645927
71704.53 15844.290 2.192975 -0.30214821
71705.35 15843.956 2.1964383 -0.30124346
71706.17 15843.622 2.1943126 -0.2963346
71706.99 15843.288 2.1965132 -0.29903774
71707.80 15842.954 2.2013737 -0.29903799
71708.62 15842.620 2.202758 -0.30382438
71709.44 15842.286 2.1969547 -0.2925205
71710.25 15841.952 2.201268 -0.30270891
71711.07 15841.618 2.1969879 -0.30119023
71711.88 15841.284 2.1976807 -0.29804718
71712.70 15840.951 2.1967635 -0.30039357
71713.52 15840.617 2.1948981 -0.29735119
71714.33 15840.283 2.2027987 -0.29564291
71715.15 15839.949 2.1959418 -0.29023505
71715.97 15839.615 2.2017066 -0.29893371
71716.79 15839.281 2.1955768 -0.29053729
71717.60 15838.947 2.2004253 -0.29547371
71718.42 15838.613 2.2001416 -0.2955185
71719.23 15838.279 2.2015743 -0.2902793
71720.05 15837.945 2.2012409 -0.28774286
71720.86 15837.611 2.2031325 -0.28635228
71721.68 15837.277 2.1969079 -0.2871534
71722.50 15836.943 2.2056647 -0.29010977
71723.31 15836.609 2.2075726 -0.28161267
71724.13 15836.275 2.2082049 -0.28029154
71724.95 15835.941 2.20992 -0.28512949
71725.76 15835.607 2.2020442 -0.2795754
71726.57 15835.273 2.217804 -0.28284825
71727.39 15834.939 2.2103254 -0.28349854
71728.21 15834.605 2.2156294 -0.27790196
71729.02 15834.271 2.2151128 -0.2685606
71729.84 15833.937 2.217289 -0.27517686
71730.65 15833.603 2.2185354 -0.27250653
71731.47 15833.270 2.2234246 -0.26785713
71732.28 15832.936 2.2208549 -0.26855361
71733.10 15832.602 2.2267204 -0.27140379
71733.91 15832.268 2.2302577 -0.26138551
71734.73 15831.934 2.2348825 -0.26134123
71735.54 15831.600 2.2300585 -0.25932044
71736.36 15831.266 2.2404502 -0.26016303
71737.18 15830.932 2.242663 -0.25814379
71738.00 15830.598 2.2467557 -0.25389716
71738.81 15830.264 2.2544377 -0.25750916
71739.63 15829.930 2.2560098 -0.25245978
71740.44 15829.596 2.2644508 -0.25516732
71741.26 15829.262 2.2725164 -0.24671755
71742.08 15828.928 2.277319 -0.24860591
71742.89 15828.594 2.2888823 -0.24810453
71743.71 15828.260 2.3026685 -0.24874413
71744.52 15827.926 2.3084554 -0.24967142
71745.34 15827.592 2.3162459 -0.25516852
71746.16 15827.258 2.3288687 -0.25148509
71746.97 15826.924 2.3384168 -0.26271991
71747.79 15826.590 2.3512737 -0.26671253
71748.60 15826.256 2.3660439 -0.27824569
71749.42 15825.922 2.3656917 -0.2900602
71750.23 15825.588 2.3802127 -0.30518689
71751.05 15825.254 2.3790565 -0.32980412
71751.86 15824.921 2.3830535 -0.35247641
71752.68 15824.587 2.3789544 -0.35919317
71753.50 15824.253 2.3749033 -0.37309195
71754.31 15823.919 2.3587936 -0.39210241
71755.13 15823.585 2.3490034 -0.40688391
71755.95 15823.251 2.3272723 -0.4215442
71756.77 15822.917 2.3144041 -0.42112552
71757.59 15822.583 2.3056321 -0.41788317
71758.40 15822.249 2.2879476 -0.43442438
71759.21 15821.915 2.2836662 -0.42366125
71760.03 15821.581 2.2750885 -0.42119561
71760.85 15821.247 2.2628756 -0.42289142
71761.67 15820.913 2.2611587 -0.42092844
71762.48 15820.579 2.2564434 -0.41994224
71763.30 15820.245 2.2452089 -0.41887731
71764.12 15819.911 2.2458253 -0.4208315
71764.94 15819.577 2.2391866 -0.41285128
71765.76 15819.243 2.2353515 -0.41294783
71766.57 15818.909 2.2264899 -0.41084704
71767.38 15818.575 2.2339843 -0.4075373
71768.20 15818.241 2.2256897 -0.41205976
71769.01 15817.907 2.2276226 -0.40393471
71769.83 15817.573 2.2186402 -0.40437914
71770.64 15817.239 2.2147699 -0.39867348
71771.46 15816.906 2.2159452 -0.40399928
71772.28 15816.572 2.2138699 -0.39553632
71773.09 15816.238 2.2156732 -0.39335586
71773.91 15815.904 2.2114866 -0.39575704
71774.73 15815.570 2.2083391 -0.39536226
71775.54 15815.236 2.2108341 -0.39528314
71776.36 15814.902 2.2026497 -0.39229951
71777.18 15814.568 2.2101726 -0.39300909
71777.99 15814.234 2.2065599 -0.39039671
71778.81 15813.900 2.2034187 -0.3840648
71779.63 15813.566 2.2014963 -0.38468724
71780.44 15813.232 2.2050351 -0.38554481
71781.25 15812.898 2.2033939 -0.38527227
71782.07 15812.564 2.2014226 -0.38397107
71782.88 15812.230 2.2056706 -0.38714646
71783.70 15811.896 2.2041256 -0.37753193
71784.51 15811.562 2.2027141 -0.37781604
71785.33 15811.228 2.204619 -0.37960999
71786.14 15810.894 2.2046354 -0.37327715
71786.95 15810.560 2.2023557 -0.37989278
71787.77 15810.226 2.1976093 -0.37618693
71788.58 15809.892 2.2001307 -0.37709628
71789.40 15809.558 2.2017789 -0.37522361
71790.21 15809.225 2.200971 -0.37527471
71791.03 15808.891 2.1891292 -0.37191504
71791.85 15808.557 2.2051097 -0.37292105
71792.66 15808.223 2.1993317 -0.37007652
71793.48 15807.889 2.2063164 -0.3706339
71794.29 15807.555 2.1955766 -0.36881752
71795.11 15807.221 2.1977708 -0.37411183
71795.92 15806.887 2.1973869 -0.37215099
71796.74 15806.553 2.1984631 -0.37056813
71797.56 15806.219 2.1932833 -0.36828894
71798.37 15805.885 2.2004224 -0.36674609
71799.19 15805.551 2.1969213 -0.36839373
71800.01 15805.217 2.1993626 -0.36948478
