# Sweep from 15811.258Hz to 15837.118Hz step 0.21550000000000485Hz delay 0.9s
# Excitation 0.002294Vpp attenuator 0 dB
# time(s), freq(Hz), absorption(nA), dispersion(nA)
11719.24 15811.258 2.5576469 -0.38886014
11720.15 15811.474 2.5575127 -0.39191431
11721.07 15811.689 2.5612812 -0.39019793
11721.98 15811.905 2.5568916 -0.38732679
11722.90 15812.120 2.5526815 -0.39645064
11723.81 15812.335 2.5606614 -0.39117222
11724.73 15812.551 2.5536958 -0.39600189
11725.64 15812.766 2.5588272 -0.39334176
11726.56 15812.982 2.5614736 -0.39939277
11727.48 15813.198 2.5545676 -0.39457845
11728.39 15813.413 2.5549796 -0.39521603
11729.31 15813.629 2.5535799 -0.39425129
11730.23 15813.844 2.5571571 -0.39820651
11731.14 15814.059 2.5578952 -0.4017655
11732.06 15814.275 2.5586378 -0.40442299
11732.97 15814.490 2.5557285 -0.40269018
11733.89 15814.706 2.5635386 -0.40179853
11734.80 15814.922 2.5600905 -0.40623945
11735.72 15815.137 2.558804 -0.40640415
11736.63 15815.352 2.5586214 -0.4085266
11737.55 15815.568 2.5551803 -0.40480222
11738.47 15815.783 2.5591455 -0.40966407
11739.38 15815.999 2.5594691 -0.40738087
11740.30 15816.215 2.5605118 -0.40794285
11741.21 15816.430 2.5630636 -0.41138753
11742.13 15816.646 2.5623915 -0.41762692
11743.05 15816.861 2.5641345 -0.41605861
11743.96 15817.076 2.5668003 -0.41654192
11744.88 15817.292 2.563824 -0.41805151
11745.79 15817.507 2.5603904 -0.42186295
11746.71 15817.723 2.5641177 -0.41938134
11747.62 15817.939 2.5599957 -0.42686654
11748.54 15818.154 2.5668553 -0.41773757
11749.46 15818.370 2.5681109 -0.42172408
11750.37 15818.585 2.5725456 -0.42906012
11751.29 15818.800 2.5673933 -0.42624603
11752.20 15819.016 2.5707361 -0.42572916
11753.12 15819.231 2.5715465 -0.43183485
11754.03 15819.447 2.5727031 -0.43348669
11754.95 15819.663 2.5716911 -0.43967478
11755.86 15819.878 2.5755101 -0.44297718
11756.78 15820.094 2.5768306 -0.4397925
11757.70 15820.309 2.5798104 -0.44795428
11758.61 15820.524 2.574089 -0.44617204
11759.53 15820.740 2.5790375 -0.45223766
11760.44 15820.956 2.582698 -0.44821761
11761.36 15821.171 2.5898498 -0.45749516
11762.27 15821.387 2.58829 -0.46318695
11763.19 15821.602 2.5891325 -0.45748763
11764.10 15821.817 2.5974496 -0.46414266
11765.02 15822.033 2.596269 -0.47483027
11765.93 15822.248 2.6029109 -0.47927244
11766.85 15822.464 2.613144 -0.48581381
11767.77 15822.680 2.6164214 -0.49315065
11768.68 15822.895 2.6171433 -0.50174697
11769.60 15823.111 2.629429 -0.50666506
11770.51 15823.326 2.6400796 -0.51504645
11771.43 15823.541 2.6554355 -0.52610494
11772.35 15823.757 2.6915936 -0.5494029
11773.26 15823.972 2.7974256 -0.55596814
11774.18 15824.188 2.9495709 -0.16227639
11775.09 15824.404 2.9325413 -0.15207674
11776.01 15824.619 2.9259652 -0.14723804
11776.93 15824.835 2.9132962 -0.13647312
11777.84 15825.050 2.9003304 -0.12774761
11778.76 15825.265 2.886909 -0.12680081
11779.67 15825.481 2.8739571 -0.12180936
11780.59 15825.697 2.8590364 -0.1170109
11781.50 15825.912 2.8481873 -0.1222361
11782.42 15826.128 2.8373249 -0.11595517
11783.33 15826.343 2.8236241 -0.10971355
11784.25 15826.559 2.8040399 -0.11512299
11785.17 15826.774 2.7869921 -0.11598548
11786.08 15826.989 2.7792885 -0.11872975
11787.00 15827.205 2.7654196 -0.11166799
11787.92 15827.421 2.7580345 -0.11975484
11788.83 15827.636 2.7494705 -0.12273694
11789.75 15827.852 2.7316894 -0.12334208
11790.66 15828.067 2.7211731 -0.13211383
11791.58 15828.282 2.7158803 -0.13640286
11792.50 15828.498 2.7024107 -0.13800091
11793.41 15828.713 2.6922958 -0.1416131
11794.33 15828.929 2.6873047 -0.14402831
11795.24 15829.145 2.6718496 -0.14965292
11796.16 15829.360 2.6593259 -0.15920369
11797.08 15829.576 2.6528403 -0.16307817
11797.99 15829.791 2.6464784 -0.16918933
11798.91 15830.006 2.6433597 -0.17792405
11799.83 15830.222 2.6306332 -0.17624183
11800.75 15830.438 2.6323498 -0.18299777
11801.67 15830.653 2.6241516 -0.18914574
11802.58 15830.869 2.6145235 -0.18929019
11803.50 15831.084 2.6116163 -0.19381244
11804.42 15831.300 2.6093887 -0.19947886
11805.34 15831.515 2.6031823 -0.20152777
11806.25 15831.730 2.6050088 -0.21030988
11807.16 15831.946 2.6044052 -0.21313922
11808.08 15832.162 2.6021069 -0.21583111
11809.00 15832.377 2.5901938 -0.21703052
11809.91 15832.593 2.5881111 -0.22588256
11810.82 15832.808 2.5858051 -0.22697476
11811.74 15833.024 2.590986 -0.23471229
11812.66 15833.239 2.5897893 -0.23837858
11813.57 15833.454 2.5820484 -0.24074109
11814.49 15833.670 2.5827037 -0.23891289
11815.41 15833.886 2.5822667 -0.24240347
11816.32 15834.101 2.5788211 -0.24605905
11817.24 15834.317 2.5742859 -0.25039057
11818.16 15834.532 2.5674201 -0.25033208
11819.07 15834.747 2.5724294 -0.25204108
11819.99 15834.963 2.5737086 -0.25730853
11820.91 15835.178 2.5711049 -0.25832051
11821.82 15835.394 2.5671559 -0.25222246
11822.74 15835.610 2.5746979 -0.25765857
11823.66 15835.825 2.5714032 -0.26303863
11824.57 15836.041 2.5681943 -0.26509127
11825.49 15836.256 2.5710378 -0.26460097
11826.40 15836.471 2.5699735 -0.26577189
11827.32 15836.687 2.5677666 -0.26704492
11828.23 15836.903 2.5629818 -0.27608283
11829.14 15837.118 2.566994 -0.27854909
