# Sweep from 15802.642Hz to 15847.486Hz step 0.373700000000008Hz delay 0.8s
# Excitation 0.000790Vpp attenuator 0 dB
# time(s), freq(Hz), absorption(nA), dispersion(nA)
61128.71 15802.642 0.87745411 -0.31370661
61129.53 15803.016 0.88067333 -0.31499295
61130.34 15803.389 0.87304215 -0.31645467
61131.15 15803.763 0.87602564 -0.3162732
61131.97 15804.137 0.87743661 -0.31832153
61132.79 15804.511 0.87645236 -0.31949588
61133.61 15804.884 0.87891351 -0.32295119
61134.42 15805.258 0.8810274 -0.32105331
61135.24 15805.632 0.877118 -0.31693958
61136.05 15806.005 0.87176261 -0.31531491
61136.87 15806.379 0.87507328 -0.31859111
61137.68 15806.753 0.88494204 -0.31821037
61138.50 15807.126 0.87952469 -0.31940263
61139.31 15807.500 0.88044459 -0.31995395
61140.13 15807.874 0.88610761 -0.32317899
61140.95 15808.247 0.88155883 -0.31700603
61141.76 15808.621 0.8783033 -0.32117626
61142.58 15808.995 0.87713278 -0.32222982
61143.39 15809.369 0.88533318 -0.32133286
61144.21 15809.742 0.88150182 -0.32449825
61145.02 15810.116 0.8763763 -0.32628589
61145.84 15810.490 0.88145572 -0.32302503
61146.66 15810.863 0.8827854 -0.32456157
61147.47 15811.237 0.87968789 -0.32040509
61148.29 15811.611 0.88023438 -0.32518071
61149.11 15811.985 0.8786057 -0.32883165
61149.92 15812.358 0.87799651 -0.32067831
61150.74 15812.732 0.87886042 -0.33158278
61151.56 15813.106 0.8826355 -0.3283414
61152.37 15813.479 0.87819564 -0.33140904
61153.18 15813.853 0.88198993 -0.32558259
61154.00 15814.227 0.88178456 -0.33235352
61154.82 15814.600 0.88523456 -0.32731384
61155.64 15814.974 0.88281985 -0.32618604
61156.46 15815.348 0.88392977 -0.32825955
61157.27 15815.721 0.88544647 -0.32534555
61158.09 15816.095 0.88653769 -0.33017906
61158.90 15816.469 0.8864086 -0.33382398
61159.72 15816.843 0.89054822 -0.3290464
61160.53 15817.216 0.88909434 -0.32903762
61161.35 15817.590 0.88408865 -0.33216341
61162.17 15817.964 0.89179508 -0.33072126
61162.99 15818.337 0.89098427 -0.33137712
61163.80 15818.711 0.89236551 -0.33176573
61164.62 15819.085 0.89732407 -0.33759707
61165.43 15819.459 0.89904961 -0.33617192
61166.25 15819.832 0.90138667 -0.33723927
61167.06 15820.206 0.90371526 -0.33663972
61167.88 15820.580 0.90470127 -0.33386007
61168.69 15820.953 0.90889387 -0.33589606
61169.51 15821.327 0.91419486 -0.33807507
61170.32 15821.701 0.91099167 -0.33549472
61171.14 15822.074 0.92178243 -0.33839709
61171.96 15822.448 0.92081007 -0.33183625
61172.77 15822.822 0.92944816 -0.32977624
61173.59 15823.195 0.92738634 -0.33132159
61174.41 15823.569 0.93053586 -0.33411288
61175.22 15823.943 0.93192045 -0.32644252
61176.04 15824.317 0.935831 -0.31668827
61176.85 15824.690 0.93775316 -0.31696908
61177.66 15825.064 0.94243148 -0.3118453
61178.48 15825.438 0.94318511 -0.30646055
61179.30 15825.811 0.93947079 -0.29542451
61180.11 15826.185 0.93294466 -0.28885583
61180.93 15826.559 0.93063784 -0.27929329
61181.74 15826.933 0.93005036 -0.28096585
61182.56 15827.306 0.91885943 -0.28112157
61183.38 15827.680 0.92124293 -0.27427342
61184.19 15828.054 0.9196545 -0.27133993
61185.01 15828.427 0.91321493 -0.27321838
61185.83 15828.801 0.90468217 -0.27303105
61186.64 15829.175 0.90772869 -0.27523348
61187.46 15829.548 0.89918922 -0.27798075
61188.28 15829.922 0.89985184 -0.27090303
61189.09 15830.296 0.89959633 -0.27355864
61189.91 15830.669 0.89455955 -0.27270858
61190.72 15831.043 0.88859338 -0.27468292
61191.54 15831.417 0.89594403 -0.27753708
61192.35 15831.791 0.89729377 -0.27711241
61193.17 15832.164 0.89032125 -0.2820874
61193.98 15832.538 0.88810265 -0.27781553
61194.80 15832.912 0.88165035 -0.28127985
61195.61 15833.285 0.88269252 -0.28337797
61196.43 15833.659 0.88249561 -0.28677883
61197.24 15834.033 0.88180497 -0.28433556
61198.06 15834.407 0.88582374 -0.28806434
61198.87 15834.780 0.88624739 -0.28262883
61199.69 15835.154 0.88077473 -0.2790992
61200.50 15835.528 0.88329017 -0.28504027
61201.32 15835.901 0.88186857 -0.28261971
61202.13 15836.275 0.88368114 -0.28319008
61202.95 15836.649 0.88046193 -0.28797507
61203.77 15837.022 0.87989639 -0.28825917
61204.59 15837.396 0.88413879 -0.28662473
61205.40 15837.770 0.8834059 -0.28776665
61206.22 15838.144 0.88421774 -0.28805016
61207.03 15838.517 0.88274123 -0.29330755
61207.85 15838.891 0.87666092 -0.2870263
61208.67 15839.265 0.87608117 -0.29139568
61209.48 15839.638 0.87524268 -0.28720254
61210.30 15840.012 0.87450377 -0.28722872
61211.11 15840.386 0.87393289 -0.29456928
61211.93 15840.759 0.88340454 -0.29020043
61212.74 15841.133 0.87742029 -0.28750392
61213.56 15841.507 0.87783212 -0.29479034
61214.38 15841.881 0.87453162 -0.28823754
61215.19 15842.254 0.88035881 -0.29422662
61216.01 15842.628 0.88587467 -0.29475441
61216.82 15843.002 0.87853101 -0.28899166
61217.64 15843.375 0.87584897 -0.28649674
61218.45 15843.749 0.87855335 -0.28753593
61219.27 15844.123 0.8738063 -0.29446139
61220.08 15844.496 0.88049313 -0.29374419
61220.90 15844.870 0.88090195 -0.28946673
61221.72 15845.244 0.88048978 -0.29693888
61222.54 15845.618 0.87854255 -0.29796658
61223.35 15845.991 0.87574227 -0.29505793
61224.17 15846.365 0.87376395 -0.29097566
61224.98 15846.739 0.87567724 -0.29185045
61225.80 15847.112 0.87997984 -0.29136413
61226.62 15847.486 0.87945796 -0.29899178
