# Sweep from 15805.924Hz to 15845.648Hz step 0.3310333333333195Hz delay 0.9s
# Excitation 0.001044Vpp attenuator 0 dB
# time(s), freq(Hz), absorption(nA), dispersion(nA)
36777.19 15805.924 1.1710612 -0.33249736
36778.11 15806.255 1.1585768 -0.33332262
36779.02 15806.586 1.1615814 -0.3303447
36779.93 15806.917 1.1633502 -0.33257356
36780.85 15807.248 1.1639526 -0.33407935
36781.77 15807.579 1.1637911 -0.33226092
36782.69 15807.910 1.1671749 -0.33539345
36783.60 15808.241 1.16481 -0.32991676
36784.52 15808.572 1.164275 -0.32824551
36785.44 15808.903 1.163524 -0.33052177
36786.35 15809.234 1.1613231 -0.33520416
36787.27 15809.565 1.1604177 -0.33802726
36788.18 15809.896 1.1592376 -0.3322443
36789.10 15810.227 1.1634681 -0.33800848
36790.01 15810.558 1.1645299 -0.33728685
36790.94 15810.890 1.1675367 -0.33748739
36791.85 15811.221 1.1672333 -0.3372466
36792.77 15811.552 1.1640527 -0.33733227
36793.69 15811.883 1.1724122 -0.33949189
36794.60 15812.214 1.1687348 -0.33479103
36795.51 15812.545 1.1682414 -0.33376608
36796.43 15812.876 1.1650125 -0.33638995
36797.35 15813.207 1.1639617 -0.33967419
36798.26 15813.538 1.1669224 -0.32839583
36799.18 15813.869 1.16638 -0.34376643
36800.09 15814.200 1.1721709 -0.3404009
36801.00 15814.531 1.1648037 -0.34546929
36801.92 15814.862 1.1694576 -0.33839871
36802.83 15815.193 1.1618214 -0.34254242
36803.75 15815.524 1.1664976 -0.34203237
36804.66 15815.855 1.1684581 -0.34503498
36805.58 15816.186 1.1700192 -0.34000098
36806.49 15816.517 1.1676434 -0.34581032
36807.41 15816.848 1.1782519 -0.34091113
36808.33 15817.179 1.1695543 -0.34523674
36809.25 15817.510 1.1769844 -0.35042422
36810.17 15817.841 1.1783908 -0.35147031
36811.08 15818.172 1.1747071 -0.35069922
36812.00 15818.503 1.179348 -0.34723382
36812.92 15818.834 1.1763038 -0.35183993
36813.83 15819.165 1.1800821 -0.35397116
36814.75 15819.496 1.1862727 -0.35105953
36815.67 15819.827 1.1829692 -0.35287786
36816.58 15820.158 1.1896722 -0.35289301
36817.50 15820.489 1.1916975 -0.35792462
36818.41 15820.820 1.1866496 -0.36244361
36819.32 15821.152 1.196138 -0.36554351
36820.24 15821.483 1.1992688 -0.36378077
36821.16 15821.814 1.2004348 -0.35798331
36822.07 15822.145 1.203614 -0.35992883
36822.99 15822.476 1.210414 -0.35688532
36823.90 15822.807 1.2179288 -0.36209372
36824.82 15823.138 1.2212774 -0.36458292
36825.74 15823.469 1.2272426 -0.35960181
36826.65 15823.800 1.2309399 -0.35484581
36827.57 15824.131 1.2296059 -0.35456586
36828.48 15824.462 1.2472678 -0.34747302
36829.39 15824.793 1.2527053 -0.33748955
36830.31 15825.124 1.2557902 -0.34026232
36831.23 15825.455 1.2621003 -0.32220868
36832.15 15825.786 1.2654478 -0.31906711
36833.06 15826.117 1.2655829 -0.30131321
36833.98 15826.448 1.2595933 -0.2982421
36834.89 15826.779 1.2579774 -0.28344874
36835.81 15827.110 1.2484668 -0.28200708
36836.73 15827.441 1.2405953 -0.27236604
36837.64 15827.772 1.2375967 -0.26822983
36838.56 15828.103 1.2226283 -0.26354823
36839.47 15828.434 1.2197042 -0.25938968
36840.38 15828.765 1.2085789 -0.26079206
36841.30 15829.096 1.2077199 -0.2547545
36842.22 15829.427 1.204877 -0.25905868
36843.14 15829.758 1.1983784 -0.26415231
36844.05 15830.089 1.1920724 -0.26401617
36844.97 15830.420 1.194239 -0.26878129
36845.88 15830.752 1.1879025 -0.26576049
36846.80 15831.083 1.188207 -0.26324463
36847.71 15831.414 1.1881058 -0.27285733
36848.63 15831.745 1.1835978 -0.27608147
36849.55 15832.076 1.1800494 -0.27269553
36850.46 15832.407 1.1780271 -0.27354187
36851.37 15832.738 1.1796291 -0.27409899
36852.29 15833.069 1.1767686 -0.27801127
36853.21 15833.400 1.1773678 -0.27813826
36854.12 15833.731 1.1709094 -0.27580441
36855.04 15834.062 1.1734926 -0.27705778
36855.95 15834.393 1.1742732 -0.27550345
36856.87 15834.724 1.1748135 -0.28281249
36857.79 15835.055 1.1685828 -0.28070048
36858.71 15835.386 1.1710501 -0.28139473
36859.62 15835.717 1.1685464 -0.2838396
36860.54 15836.048 1.1684925 -0.2814356
36861.46 15836.379 1.1660392 -0.28532818
36862.37 15836.710 1.1644654 -0.29009942
36863.28 15837.041 1.1642722 -0.28585796
36864.20 15837.372 1.1658734 -0.28420581
36865.11 15837.703 1.1641711 -0.28713961
36866.03 15838.034 1.1621925 -0.29369392
36866.94 15838.365 1.1599731 -0.2891976
36867.86 15838.696 1.158838 -0.28409022
36868.78 15839.027 1.1634033 -0.28590705
36869.69 15839.358 1.16427 -0.28360103
36870.61 15839.689 1.1593622 -0.28862561
36871.53 15840.020 1.1666093 -0.29323729
36872.45 15840.351 1.162115 -0.29464289
36873.36 15840.682 1.1605927 -0.28846839
36874.28 15841.014 1.1609383 -0.28753973
36875.20 15841.345 1.1639752 -0.29337897
36876.11 15841.676 1.1614169 -0.2914141
36877.03 15842.007 1.1653644 -0.28816584
36877.95 15842.338 1.1622261 -0.29303078
36878.86 15842.669 1.1562338 -0.29479708
36879.78 15843.000 1.1595935 -0.29160907
36880.70 15843.331 1.157817 -0.29600608
36881.62 15843.662 1.1584164 -0.29055974
36882.53 15843.993 1.1600355 -0.29233783
36883.45 15844.324 1.1624866 -0.29865208
36884.36 15844.655 1.1623597 -0.29610086
36885.28 15844.986 1.165584 -0.29677807
36886.19 15845.317 1.1631862 -0.29777445
36887.11 15845.648 1.1592281 -0.29078387
