# Sweep from 15815.383Hz to 15838.622Hz step 0.19365833333332982Hz delay 0.9s
# Excitation 0.000553Vpp attenuator 0 dB
# time(s), freq(Hz), absorption(nA), dispersion(nA)
32754.51 15815.383 0.61624257 -0.32084671
32755.43 15815.577 0.62594279 -0.31819144
32756.35 15815.770 0.61770669 -0.31368728
32757.26 15815.964 0.61901881 -0.31368691
32758.18 15816.158 0.6206069 -0.31920226
32759.10 15816.351 0.61961413 -0.31850706
32760.01 15816.545 0.61933008 -0.31646135
32760.93 15816.739 0.6199997 -0.31554978
32761.85 15816.932 0.62331395 -0.31446027
32762.76 15817.126 0.61934082 -0.3146323
32763.68 15817.320 0.62358242 -0.32122767
32764.60 15817.513 0.61875045 -0.31845659
32765.51 15817.707 0.6145051 -0.32226887
32766.43 15817.901 0.61819344 -0.31971612
32767.34 15818.094 0.61651912 -0.31461076
32768.26 15818.288 0.61498906 -0.31798837
32769.18 15818.482 0.62918565 -0.31961093
32770.09 15818.675 0.62359771 -0.31928573
32771.01 15818.869 0.62243851 -0.32296319
32771.93 15819.063 0.6210222 -0.3170498
32772.84 15819.256 0.62156835 -0.32141745
32773.76 15819.450 0.62611667 -0.32152008
32774.68 15819.643 0.62674178 -0.31983606
32775.59 15819.837 0.62330656 -0.32872049
32776.50 15820.031 0.63130165 -0.32536551
32777.42 15820.224 0.62432395 -0.32637294
32778.34 15820.418 0.62242162 -0.32226023
32779.25 15820.612 0.62706596 -0.32764015
32780.17 15820.805 0.63022958 -0.32202266
32781.08 15820.999 0.6271602 -0.32879953
32782.00 15821.193 0.62828946 -0.33218242
32782.92 15821.386 0.62520354 -0.32963766
32783.83 15821.580 0.62589862 -0.32928756
32784.75 15821.774 0.62916041 -0.33529554
32785.67 15821.967 0.62990722 -0.32993725
32786.58 15822.161 0.63248393 -0.33695838
32787.50 15822.355 0.63457759 -0.33518307
32788.42 15822.548 0.63730425 -0.33039731
32789.34 15822.742 0.6331573 -0.33029136
32790.25 15822.936 0.62766588 -0.33181897
32791.17 15823.129 0.63423664 -0.33662894
32792.08 15823.323 0.63705818 -0.33150835
32793.00 15823.517 0.64028535 -0.33289416
32793.91 15823.710 0.64183769 -0.33753491
32794.82 15823.904 0.6440518 -0.34019013
32795.74 15824.098 0.64879157 -0.33370719
32796.66 15824.291 0.65519959 -0.34403996
32797.57 15824.485 0.65824685 -0.33965537
32798.49 15824.679 0.653136 -0.34254631
32799.40 15824.872 0.65790988 -0.33995272
32800.32 15825.066 0.65871876 -0.34209265
32801.23 15825.260 0.66184253 -0.34099557
32802.15 15825.453 0.67611137 -0.34366181
32803.06 15825.647 0.67221561 -0.33688664
32803.98 15825.841 0.67916318 -0.33894
32804.89 15826.034 0.68326642 -0.33558732
32805.81 15826.228 0.68587553 -0.33443635
32806.72 15826.422 0.69340649 -0.32733041
32807.64 15826.615 0.69598906 -0.31964493
32808.56 15826.809 0.69816451 -0.31590054
32809.47 15827.002 0.70294624 -0.30468482
32810.39 15827.196 0.70518217 -0.29893488
32811.31 15827.390 0.70590784 -0.28597873
32812.22 15827.583 0.69488226 -0.27665266
32813.14 15827.777 0.68940562 -0.27350779
32814.06 15827.971 0.69189684 -0.26497889
32814.97 15828.164 0.68531961 -0.25990605
32815.89 15828.358 0.67578458 -0.26449993
32816.80 15828.552 0.66649841 -0.24885603
32817.72 15828.745 0.66515503 -0.25904035
32818.64 15828.939 0.65828806 -0.26260355
32819.55 15829.133 0.65586585 -0.25912186
32820.47 15829.326 0.65042826 -0.25981419
32821.38 15829.520 0.64991048 -0.25959304
32822.30 15829.714 0.6491058 -0.26065467
32823.21 15829.907 0.64051665 -0.26016215
32824.13 15830.101 0.64238338 -0.26062224
32825.04 15830.295 0.63879025 -0.26415913
32825.96 15830.488 0.6393156 -0.26308282
32826.88 15830.682 0.63818351 -0.26822298
32827.79 15830.876 0.63171785 -0.26514323
32828.71 15831.069 0.62990324 -0.26609794
32829.62 15831.263 0.63361773 -0.26759
32830.54 15831.457 0.62896919 -0.27066903
32831.46 15831.650 0.62707272 -0.27474096
32832.38 15831.844 0.62606813 -0.27269289
32833.29 15832.038 0.62511975 -0.26714565
32834.21 15832.231 0.62380121 -0.27295926
32835.12 15832.425 0.62813587 -0.27145163
32836.04 15832.619 0.62663696 -0.27509532
32836.96 15832.812 0.62187701 -0.27577588
32837.87 15833.006 0.62113219 -0.27629082
32838.79 15833.200 0.62327246 -0.27065846
32839.71 15833.393 0.62289951 -0.2718271
32840.62 15833.587 0.62361323 -0.27617207
32841.54 15833.781 0.6190989 -0.27916414
32842.46 15833.974 0.62264206 -0.27481738
32843.37 15834.168 0.62359538 -0.27668207
32844.28 15834.362 0.6192692 -0.2768079
32845.20 15834.555 0.61868309 -0.27723553
32846.12 15834.749 0.62687343 -0.28017629
32847.03 15834.942 0.62056915 -0.27966337
32847.95 15835.136 0.61838182 -0.28277401
32848.87 15835.330 0.62374102 -0.27631154
32849.79 15835.523 0.6171004 -0.28365869
32850.71 15835.717 0.61517471 -0.28992523
32851.62 15835.911 0.61512236 -0.27942528
32852.54 15836.104 0.62014448 -0.28119567
32853.45 15836.298 0.61525611 -0.28232088
32854.37 15836.492 0.6199578 -0.28267613
32855.28 15836.685 0.62325751 -0.28642521
32856.20 15836.879 0.61530733 -0.28350118
32857.11 15837.073 0.61869292 -0.28443742
32858.03 15837.266 0.61626565 -0.28317046
32858.94 15837.460 0.61900602 -0.2792903
32859.86 15837.654 0.61695789 -0.28216016
32860.77 15837.847 0.6161896 -0.28395658
32861.69 15838.041 0.61878893 -0.28506449
32862.61 15838.235 0.61626736 -0.28529803
32863.53 15838.428 0.61687825 -0.28283608
32864.44 15838.622 0.6165136 -0.28487398
