# Sweep from 15849.554Hz to 15800.170Hz step -0.4115333333333335Hz delay 0.8s
# Excitation 0.000553Vpp attenuator 0 dB
# time(s), freq(Hz), absorption(nA), dispersion(nA)
45509.52 15849.554 0.61875437 -0.29530017
45510.34 15849.142 0.61556023 -0.29399789
45511.15 15848.731 0.6213649 -0.28986443
45511.97 15848.319 0.61792935 -0.29475149
45512.78 15847.908 0.61708749 -0.29171471
45513.60 15847.496 0.6135856 -0.29501672
45514.41 15847.085 0.61335157 -0.29471013
45515.23 15846.673 0.61429762 -0.29456115
45516.04 15846.262 0.61892462 -0.29082474
45516.85 15845.850 0.6103806 -0.29453329
45517.67 15845.439 0.61247778 -0.28856419
45518.48 15845.027 0.61081488 -0.29037574
45519.30 15844.616 0.61179088 -0.29329593
45520.11 15844.204 0.61997844 -0.28750944
45520.93 15843.793 0.62061105 -0.29203673
45521.74 15843.381 0.61496803 -0.28566515
45522.55 15842.969 0.61439198 -0.28772754
45523.37 15842.558 0.61151741 -0.29328012
45524.19 15842.146 0.61586525 -0.29334956
45525.01 15841.735 0.62016994 -0.28765697
45525.82 15841.323 0.61809294 -0.28808441
45526.64 15840.912 0.61535468 -0.28617666
45527.46 15840.500 0.6191184 -0.28925777
45528.27 15840.089 0.61440664 -0.29103967
45529.08 15839.677 0.61668516 -0.2869362
45529.90 15839.266 0.61771573 -0.29264675
45530.72 15838.854 0.61697676 -0.28708433
45531.54 15838.443 0.61770038 -0.28408704
45532.36 15838.031 0.61730776 -0.29351793
45533.17 15837.620 0.62335221 -0.28609043
45533.99 15837.208 0.6145836 -0.28599445
45534.80 15836.796 0.61546194 -0.28629995
45535.62 15836.385 0.62173348 -0.28781102
45536.44 15835.973 0.61202212 -0.28485124
45537.25 15835.562 0.61918661 -0.28603651
45538.07 15835.150 0.61576316 -0.28148531
45538.89 15834.739 0.62290957 -0.28309225
45539.70 15834.327 0.62137821 -0.28081908
45540.52 15833.916 0.62302496 -0.28390775
45541.33 15833.504 0.62016431 -0.28293098
45542.15 15833.093 0.62071882 -0.27883374
45542.96 15832.681 0.61847112 -0.28264509
45543.78 15832.270 0.62109359 -0.28034628
45544.59 15831.858 0.62839308 -0.28087979
45545.41 15831.447 0.62351177 -0.2796086
45546.22 15831.035 0.63043638 -0.28232299
45547.04 15830.623 0.63144194 -0.27772776
45547.86 15830.212 0.63454956 -0.27916744
45548.68 15829.800 0.63299439 -0.27830171
45549.50 15829.389 0.63630893 -0.28002574
45550.31 15828.977 0.63877781 -0.2789233
45551.12 15828.566 0.64322955 -0.2812904
45551.94 15828.154 0.64093121 -0.2785539
45552.75 15827.743 0.64913513 -0.28047012
45553.57 15827.331 0.65001956 -0.27711485
45554.38 15826.920 0.65271678 -0.28612502
45555.20 15826.508 0.65275401 -0.28077486
45556.01 15826.097 0.65894346 -0.29233212
45556.83 15825.685 0.6509386 -0.28893689
45557.65 15825.274 0.65866942 -0.29424334
45558.47 15824.862 0.65846956 -0.30167817
45559.29 15824.450 0.65978128 -0.30465733
45560.10 15824.039 0.65861013 -0.30745312
45560.92 15823.627 0.65582799 -0.31190643
45561.73 15823.216 0.64997278 -0.3106706
45562.55 15822.804 0.64683724 -0.31642537
45563.37 15822.393 0.64393151 -0.31338536
45564.18 15821.981 0.64819301 -0.31317765
45565.00 15821.570 0.64669041 -0.31911833
45565.81 15821.158 0.6420774 -0.32142208
45566.63 15820.747 0.64316197 -0.31632769
45567.45 15820.335 0.63538937 -0.32527018
45568.26 15819.924 0.63614351 -0.31685013
45569.08 15819.512 0.63684968 -0.32246325
45569.90 15819.101 0.63474505 -0.31510353
45570.71 15818.689 0.63690288 -0.31758577
45571.53 15818.277 0.62693306 -0.31639175
45572.35 15817.866 0.63074668 -0.31737471
45573.16 15817.454 0.62596717 -0.3222946
45573.98 15817.043 0.62686075 -0.3213278
45574.80 15816.631 0.62578584 -0.31897764
45575.61 15816.220 0.62678646 -0.31244045
45576.43 15815.808 0.6224505 -0.31680113
45577.25 15815.397 0.62429319 -0.31341784
45578.06 15814.985 0.62332305 -0.31470776
45578.88 15814.574 0.61983155 -0.30959956
45579.69 15814.162 0.62345867 -0.31465183
45580.51 15813.751 0.62091493 -0.31087103
45581.32 15813.339 0.6180324 -0.31240981
45582.14 15812.928 0.62287131 -0.3094348
45582.96 15812.516 0.6173222 -0.31752973
45583.77 15812.104 0.61745459 -0.31018524
45584.59 15811.693 0.62040317 -0.31167139
45585.41 15811.281 0.61654976 -0.31407882
45586.22 15810.870 0.61893252 -0.30860866
45587.04 15810.458 0.61619863 -0.3071589
45587.85 15810.047 0.6213196 -0.31450443
45588.67 15809.635 0.62194374 -0.31107109
45589.48 15809.224 0.61711785 -0.31565256
45590.30 15808.812 0.61546632 -0.31349117
45591.11 15808.401 0.62095035 -0.30602712
45591.93 15807.989 0.61938619 -0.30576513
45592.75 15807.578 0.61398066 -0.30900338
45593.56 15807.166 0.6166664 -0.30699019
45594.38 15806.755 0.61832924 -0.30639708
45595.19 15806.343 0.62165174 -0.30547483
45596.01 15805.931 0.61289347 -0.31032567
45596.83 15805.520 0.62013657 -0.31036339
45597.64 15805.108 0.61529823 -0.30802647
45598.46 15804.697 0.62059456 -0.30711564
45599.28 15804.285 0.61744447 -0.31062092
45600.09 15803.874 0.61612758 -0.30712189
45600.91 15803.462 0.61487566 -0.30705556
45601.72 15803.051 0.62151275 -0.31406114
45602.54 15802.639 0.61723671 -0.29939039
45603.36 15802.228 0.61185779 -0.30213255
45604.17 15801.816 0.6198743 -0.31047128
45604.99 15801.405 0.61607585 -0.30321158
45605.80 15800.993 0.61912834 -0.30727603
45606.62 15800.582 0.61263347 -0.30748427
45607.43 15800.170 0.61470382 -0.30219337
