# Sweep from 15803.007Hz to 15847.616Hz step 0.3717416666666698Hz delay 0.9s
# Excitation 0.001194Vpp attenuator 0 dB
# time(s), freq(Hz), absorption(nA), dispersion(nA)
38329.97 15803.007 1.3285669 -0.33526081
38330.89 15803.379 1.3290909 -0.33177932
38331.80 15803.750 1.3295551 -0.33325651
38332.72 15804.122 1.3282196 -0.32828589
38333.63 15804.494 1.3261591 -0.33289149
38334.55 15804.866 1.3212302 -0.33582455
38335.47 15805.237 1.3308816 -0.33544737
38336.38 15805.609 1.3305734 -0.33717967
38337.30 15805.981 1.330909 -0.33511247
38338.22 15806.353 1.3282626 -0.33719866
38339.13 15806.724 1.3241556 -0.3417417
38340.04 15807.096 1.3329468 -0.34169307
38340.96 15807.468 1.3313492 -0.3344154
38341.87 15807.840 1.3313866 -0.33812833
38342.79 15808.211 1.3309782 -0.3368192
38343.71 15808.583 1.3296458 -0.33856597
38344.62 15808.955 1.3364203 -0.3384406
38345.54 15809.327 1.3315822 -0.33884069
38346.46 15809.698 1.329622 -0.33394539
38347.37 15810.070 1.3356974 -0.33641777
38348.29 15810.442 1.3393264 -0.34352962
38349.21 15810.814 1.3314398 -0.34557254
38350.13 15811.185 1.3333572 -0.34041241
38351.04 15811.557 1.3376559 -0.34643574
38351.96 15811.929 1.3358597 -0.34564826
38352.88 15812.301 1.3296952 -0.34450315
38353.79 15812.672 1.3353944 -0.34551567
38354.70 15813.044 1.331787 -0.34265804
38355.62 15813.416 1.3333656 -0.34729052
38356.53 15813.788 1.3352544 -0.34750727
38357.45 15814.159 1.3347743 -0.34707404
38358.36 15814.531 1.335142 -0.34988824
38359.28 15814.903 1.3400809 -0.35220154
38360.20 15815.274 1.3404911 -0.35514142
38361.11 15815.646 1.3405781 -0.35129023
38362.03 15816.018 1.3399524 -0.35256261
38362.95 15816.390 1.3449018 -0.35478192
38363.86 15816.761 1.3398221 -0.35544886
38364.77 15817.133 1.3420658 -0.35813758
38365.69 15817.505 1.3413979 -0.35690715
38366.60 15817.877 1.3511199 -0.35254115
38367.52 15818.248 1.3443467 -0.35974864
38368.43 15818.620 1.3469562 -0.35950876
38369.35 15818.992 1.3481014 -0.35849226
38370.26 15819.364 1.3571595 -0.36067863
38371.18 15819.735 1.3560386 -0.36343019
38372.09 15820.107 1.3620728 -0.3581591
38373.01 15820.479 1.3657693 -0.36325875
38373.93 15820.851 1.3673661 -0.36795367
38374.84 15821.222 1.370698 -0.36392984
38375.76 15821.594 1.3764879 -0.36749833
38376.67 15821.966 1.3848467 -0.36778249
38377.59 15822.338 1.3823117 -0.36746067
38378.50 15822.709 1.3885096 -0.36803317
38379.42 15823.081 1.3974095 -0.36026918
38380.34 15823.453 1.4100895 -0.36235679
38381.25 15823.825 1.4133841 -0.35142861
38382.17 15824.196 1.4179989 -0.34402146
38383.08 15824.568 1.4245555 -0.33712541
38384.00 15824.940 1.4304026 -0.32564188
38384.92 15825.311 1.4307011 -0.31914124
38385.83 15825.683 1.4282799 -0.31035904
38386.75 15826.055 1.4255551 -0.29607432
38387.66 15826.427 1.4200099 -0.28858759
38388.58 15826.798 1.420265 -0.28118225
38389.49 15827.170 1.4147913 -0.27910417
38390.41 15827.542 1.4085111 -0.27530791
38391.33 15827.914 1.4011075 -0.26280554
38392.25 15828.285 1.384448 -0.2678606
38393.16 15828.657 1.3872839 -0.2679821
38394.08 15829.029 1.3776471 -0.26443786
38395.00 15829.401 1.3726524 -0.26654197
38395.91 15829.772 1.3691209 -0.2662066
38396.83 15830.144 1.3662678 -0.26240397
38397.74 15830.516 1.356398 -0.27054963
38398.66 15830.888 1.3590991 -0.27098076
38399.57 15831.259 1.3498593 -0.27518166
38400.49 15831.631 1.3532507 -0.2694311
38401.41 15832.003 1.3487545 -0.27155616
38402.33 15832.375 1.3519389 -0.27357822
38403.24 15832.746 1.3500725 -0.27770346
38404.16 15833.118 1.3417266 -0.27263468
38405.08 15833.490 1.341092 -0.28253868
38405.99 15833.862 1.3430347 -0.28609671
38406.91 15834.233 1.3417088 -0.28176009
38407.82 15834.605 1.342015 -0.28264057
38408.74 15834.977 1.3368877 -0.27948533
38409.65 15835.349 1.339963 -0.28107627
38410.57 15835.720 1.3356045 -0.27916067
38411.48 15836.092 1.333589 -0.28246805
38412.40 15836.464 1.3398618 -0.28217619
38413.32 15836.835 1.3366725 -0.28538344
38414.23 15837.207 1.3355703 -0.28671963
38415.15 15837.579 1.3338189 -0.28847546
38416.07 15837.951 1.338611 -0.29168299
38416.98 15838.322 1.3344433 -0.28965229
38417.89 15838.694 1.3374469 -0.28930526
38418.81 15839.066 1.3320217 -0.29307603
38419.73 15839.438 1.3369844 -0.29391646
38420.65 15839.809 1.3337568 -0.29341891
38421.57 15840.181 1.3300338 -0.28908019
38422.48 15840.553 1.3342387 -0.289334
38423.40 15840.925 1.3308172 -0.29034621
38424.31 15841.296 1.3264262 -0.29235773
38425.23 15841.668 1.3298106 -0.29330249
38426.14 15842.040 1.3345941 -0.29996431
38427.06 15842.412 1.3261648 -0.29658375
38427.97 15842.783 1.3283938 -0.28939164
38428.89 15843.155 1.3292575 -0.29446036
38429.81 15843.527 1.3264419 -0.29877194
38430.72 15843.899 1.3319573 -0.29118294
38431.64 15844.270 1.3289774 -0.29687274
38432.55 15844.642 1.3313309 -0.29912277
38433.47 15845.014 1.330747 -0.29214999
38434.38 15845.386 1.3261314 -0.29797638
38435.30 15845.757 1.3290623 -0.29875523
38436.22 15846.129 1.3324617 -0.29756245
38437.14 15846.501 1.3261102 -0.30144548
38438.06 15846.873 1.3270982 -0.2986599
38438.97 15847.244 1.3303443 -0.29797783
38439.89 15847.616 1.3286392 -0.298624
