# Sweep from 15813.752Hz to 15836.168Hz step 0.1867999999999938Hz delay 0.9s
# Excitation 0.002072Vpp attenuator 0 dB
# time(s), freq(Hz), absorption(nA), dispersion(nA)
11275.52 15813.752 2.3089349 -0.39222112
11276.43 15813.939 2.3068214 -0.39143444
11277.35 15814.126 2.3069633 -0.39053054
11278.27 15814.312 2.3123976 -0.3922359
11279.18 15814.499 2.3103426 -0.39003396
11280.10 15814.686 2.3119508 -0.39328188
11281.02 15814.873 2.3171833 -0.39619212
11281.93 15815.060 2.3100129 -0.39503615
11282.85 15815.246 2.3126156 -0.39940085
11283.76 15815.433 2.309848 -0.38968798
11284.68 15815.620 2.3144521 -0.39304419
11285.60 15815.807 2.3188522 -0.40009812
11286.52 15815.994 2.311139 -0.4008823
11287.43 15816.180 2.3113516 -0.40015615
11288.35 15816.367 2.3135292 -0.40294913
11289.26 15816.554 2.3138684 -0.397402
11290.18 15816.741 2.3141054 -0.40415964
11291.09 15816.928 2.3181826 -0.40160887
11292.01 15817.114 2.3222949 -0.40568332
11292.93 15817.301 2.317538 -0.4073508
11293.84 15817.488 2.3186867 -0.40327942
11294.76 15817.675 2.3146174 -0.40899067
11295.67 15817.862 2.318423 -0.41077507
11296.59 15818.048 2.3180755 -0.40765707
11297.50 15818.235 2.3250054 -0.41012828
11298.41 15818.422 2.3283083 -0.40310374
11299.33 15818.609 2.3183566 -0.4123371
11300.24 15818.796 2.3257908 -0.41482312
11301.16 15818.982 2.3222726 -0.41852584
11302.07 15819.169 2.3224268 -0.41534733
11302.99 15819.356 2.3226146 -0.4267053
11303.90 15819.543 2.3261657 -0.42394791
11304.82 15819.730 2.3302252 -0.42485669
11305.73 15819.916 2.3284858 -0.42419089
11306.65 15820.103 2.3305117 -0.42767053
11307.57 15820.290 2.329494 -0.43083372
11308.48 15820.477 2.3314637 -0.4362056
11309.40 15820.664 2.3359312 -0.43256421
11310.31 15820.850 2.3298296 -0.4385557
11311.23 15821.037 2.3333396 -0.439422
11312.15 15821.224 2.3406451 -0.44261171
11313.06 15821.411 2.3411239 -0.43831932
11313.98 15821.598 2.3409743 -0.44473404
11314.89 15821.784 2.3437187 -0.45379934
11315.81 15821.971 2.3459775 -0.45372619
11316.73 15822.158 2.3525415 -0.45768533
11317.64 15822.345 2.3505377 -0.46035305
11318.55 15822.532 2.3534301 -0.46477709
11319.47 15822.718 2.3592206 -0.46980315
11320.39 15822.905 2.3663501 -0.47654018
11321.30 15823.092 2.3674099 -0.48005865
11322.22 15823.279 2.3779746 -0.48553954
11323.13 15823.466 2.3905743 -0.4919147
11324.05 15823.652 2.404739 -0.5034953
11324.96 15823.839 2.4126643 -0.50917623
11325.88 15824.026 2.4298033 -0.5135584
11326.79 15824.213 2.4733797 -0.53484484
11327.71 15824.400 2.5977733 -0.51096845
11328.63 15824.586 2.6856806 -0.21388965
11329.54 15824.773 2.679451 -0.19572279
11330.46 15824.960 2.6688533 -0.18239024
11331.38 15825.147 2.6646346 -0.18224118
11332.30 15825.334 2.6484529 -0.17092707
11333.21 15825.520 2.6348987 -0.1651234
11334.13 15825.707 2.6276989 -0.15806897
11335.04 15825.894 2.6118862 -0.14378078
11335.96 15826.081 2.6002022 -0.14090313
11336.88 15826.268 2.5866427 -0.14614474
11337.80 15826.454 2.5709505 -0.14122564
11338.71 15826.641 2.558184 -0.14759496
11339.63 15826.828 2.5529696 -0.14166339
11340.55 15827.015 2.5440004 -0.13949895
11341.47 15827.202 2.531463 -0.13971864
11342.38 15827.388 2.5097079 -0.14068188
11343.30 15827.575 2.5030038 -0.13847726
11344.21 15827.762 2.4912447 -0.14240069
11345.12 15827.949 2.4884318 -0.15018554
11346.04 15828.136 2.4709664 -0.145385
11346.96 15828.322 2.469234 -0.14804438
11347.88 15828.509 2.4535063 -0.15390506
11348.79 15828.696 2.4430644 -0.16040134
11349.71 15828.883 2.4354988 -0.15825013
11350.63 15829.070 2.4244337 -0.16776289
11351.54 15829.256 2.418602 -0.16504808
11352.46 15829.443 2.4144465 -0.17043973
11353.37 15829.630 2.4062563 -0.17513119
11354.29 15829.817 2.4029036 -0.17763786
11355.20 15830.004 2.393165 -0.18388477
11356.12 15830.190 2.3831656 -0.1852614
11357.03 15830.377 2.38754 -0.19017287
11357.95 15830.564 2.376953 -0.19562488
11358.86 15830.751 2.3693556 -0.20251935
11359.78 15830.938 2.3724269 -0.20223604
11360.70 15831.124 2.3640271 -0.20556843
11361.62 15831.311 2.3594343 -0.20817217
11362.53 15831.498 2.3590958 -0.21208567
11363.45 15831.685 2.3536622 -0.20951886
11364.36 15831.872 2.3464793 -0.21411569
11365.28 15832.058 2.3518319 -0.2217876
11366.20 15832.245 2.3508983 -0.2262789
11367.11 15832.432 2.347366 -0.23001105
11368.03 15832.619 2.3470191 -0.22868313
11368.94 15832.806 2.3483005 -0.23015548
11369.86 15832.992 2.3359107 -0.2384933
11370.77 15833.179 2.3380369 -0.2407271
11371.68 15833.366 2.3318762 -0.24395783
11372.60 15833.553 2.3301766 -0.24563838
11373.52 15833.740 2.3361099 -0.24843214
11374.44 15833.926 2.3357377 -0.23665893
11375.35 15834.113 2.326999 -0.24817945
11376.27 15834.300 2.32252 -0.25056417
11377.19 15834.487 2.3260159 -0.25356073
11378.10 15834.674 2.3250441 -0.25694271
11379.01 15834.860 2.3266398 -0.2537073
11379.93 15835.047 2.3264179 -0.26005563
11380.85 15835.234 2.3209038 -0.26354309
11381.77 15835.421 2.3191344 -0.26070208
11382.68 15835.608 2.3203843 -0.25966042
11383.60 15835.794 2.3241685 -0.26540533
11384.51 15835.981 2.3209509 -0.26583851
11385.43 15836.168 2.3212399 -0.26995841
