20220818T000122 15838.982 15815.024 -0.23958000000000537 0.9 0.000659 0dB -105 100ms 1660770129.50 129.50 15827.043 4.2329 0.0983524 -1
20220818T000255 15814.344 15839.742 0.2539800000000105 0.9 0.000670 0dB -105 100ms 1660770222.20 222.20 15827.042 4.1395 0.101218 -1
20220818T000428 15839.460 15814.623 -0.24836999999999534 0.9 0.000662 0dB -105 100ms 1660770314.67 314.67 15827.066 4.0714 0.0994671 -1
20220818T000600 15814.851 15839.280 0.24429000000000087 0.9 0.000666 0dB -105 100ms 1660770407.26 407.26 15827.048 4.0651 0.0993866 -1
20220818T000733 15839.244 15814.853 -0.2439100000000144 0.9 0.000670 0dB -105 100ms 1660770499.87 499.87 15827.059 3.9958 0.101253 -1
20220818T000905 15815.072 15839.047 0.23975000000000363 0.9 0.000662 0dB -105 100ms 1660770592.45 592.45 15827.049 4.1262 0.0996418 -1
20220818T001038 15839.427 15814.670 -0.24756999999999607 0.9 0.000664 0dB -105 100ms 1660770685.05 685.05 15827.057 4.1905 0.0988701 -1
20220818T001210 15814.485 15839.628 0.25143000000000026 0.9 0.000672 0dB -105 100ms 1660770777.61 777.61 15827.043 4.0703 0.100912 -1
20220818T001343 15839.254 15814.832 -0.2442200000000048 0.9 0.000666 0dB -105 100ms 1660770870.31 870.31 15827.024 4.0958 0.0999265 -1
20220818T001516 15814.736 15839.311 0.2457499999999891 0.9 0.000666 0dB -105 100ms 1660770962.83 962.83 15827.023 4.107 0.099126 -1
20220818T001648 15839.344 15814.702 -0.24641999999999825 0.9 0.000672 0dB -105 100ms 1660771055.39 1055.39 15827.030 4.0412 0.103077 -1
20220818T001821 15814.906 15839.153 0.24246999999999388 0.9 0.000652 0dB -105 100ms 1660771148.00 1148.00 15827.029 3.9116 0.0986332 -1
20220818T001953 15838.764 15815.294 -0.23469999999999344 0.9 0.000661 0dB -105 100ms 1660771240.46 1240.46 15827.062 4.1168 0.100774 -1
20220818T002126 15814.712 15839.412 0.24700000000000727 0.9 0.000656 0dB -105 100ms 1660771333.09 1333.09 15827.037 4.2095 0.0993053 -1
20220818T002259 15839.666 15814.409 -0.2525699999999961 0.9 0.000661 0dB -105 100ms 1660771425.76 1425.76 15827.035 4.1832 0.100333 -1
20220818T002431 15814.485 15839.585 0.25099999999998546 0.9 0.000659 0dB -105 100ms 1660771518.53 1518.53 15827.097 4.1461 0.0981329 -1
20220818T002604 15839.535 15814.658 -0.24877000000000407 0.9 0.000672 0dB -105 100ms 1660771611.15 1611.15 15827.028 4.0335 0.100172 -1
20220818T002736 15814.928 15839.129 0.2420100000000093 0.9 0.000671 0dB -105 100ms 1660771703.38 1703.38 15827.000 4.1739 0.100411 -1
20220818T002909 15839.521 15814.478 -0.25043000000001486 0.9 0.000668 0dB -105 100ms 1660771796.06 1796.06 15827.004 3.9593 0.0990559 -1
20220818T003041 15815.127 15838.882 0.237549999999992 0.9 0.000674 0dB -105 100ms 1660771888.85 1888.85 15827.059 4.0786 0.101684 -1
20220818T003214 15839.295 15814.823 -0.24471999999999752 0.9 0.000663 0dB -105 100ms 1660771981.31 1981.31 15827.035 4.0964 0.0983552 -1
20220818T003347 15814.746 15839.324 0.24578000000001338 0.9 0.000674 0dB -105 100ms 1660772073.68 2073.68 15826.998 4.118 0.100371 -1
20220818T003519 15839.352 15814.644 -0.24708000000000538 0.9 0.000672 0dB -105 100ms 1660772166.39 2166.39 15827.000 4.1107 0.100579 -1
20220818T003652 15814.668 15839.332 0.2466400000000067 0.9 0.000668 0dB -105 100ms 1660772258.90 2258.90 15826.977 4.1115 0.0983616 -1
20220818T003824 15839.311 15814.642 -0.2466899999999987 0.9 0.000679 0dB -105 100ms 1660772351.58 2351.58 15826.974 3.881 0.101167 -1
20220818T003957 15815.331 15838.617 0.2328600000000006 0.9 0.000671 0dB -105 100ms 1660772444.25 2444.25 15827.002 4.13 0.101238 -1
20220818T004130 15839.392 15814.612 -0.24780000000000654 0.9 0.000663 0dB -105 100ms 1660772536.83 2536.83 15826.972 4.086 0.100294 -1
20220818T004302 15814.714 15839.230 0.24515999999999621 0.9 0.000661 0dB -105 100ms 1660772629.46 2629.46 15827.016 4.0609 0.0990942 -1
20220818T004435 15839.198 15814.833 -0.2436499999999978 0.9 0.000667 0dB -105 100ms 1660772721.89 2721.89 15827.009 3.9731 0.0989846 -1
20220818T004607 15815.090 15838.928 0.23837999999999737 0.9 0.000674 0dB -105 100ms 1660772814.30 2814.30 15826.976 4.0064 0.099174 -1
20220818T004740 15838.995 15814.957 -0.24038000000000465 0.9 0.000680 0dB -105 100ms 1660772906.86 2906.86 15827.020 4.0516 0.101459 -1
20220818T004912 15814.865 15839.175 0.2430999999999949 0.9 0.000670 0dB -105 100ms 1660772999.68 2999.68 15827.033 4.1136 0.101522 -1
20220818T005045 15839.374 15814.693 -0.24681000000000494 0.9 0.000660 0dB -105 100ms 1660773092.29 3092.29 15827.011 3.9919 0.100031 -1
20220818T005218 15815.035 15838.986 0.23951000000000933 0.9 0.000660 0dB -105 100ms 1660773184.68 3184.68 15826.987 4.0444 0.098558 -1
20220818T005350 15839.120 15814.854 -0.24266000000001442 0.9 0.000670 0dB -105 100ms 1660773277.37 3277.37 15826.983 4.1419 0.100783 -1
20220818T005523 15814.558 15839.409 0.2485099999999875 0.9 0.000665 0dB -105 100ms 1660773369.65 3369.65 15826.912 3.9648 0.0965186 -1
20220818T005655 15838.806 15815.017 -0.2378900000000067 0.9 0.000689 0dB -105 100ms 1660773462.18 3462.18 15826.992 4.1137 0.104509 -1
20220818T005828 15814.650 15839.333 0.24683000000000901 0.9 0.000659 0dB -105 100ms 1660773555.03 3555.03 15826.974 4.1534 0.0980158 -1
20220818T010000 15839.434 15814.514 -0.24920000000000073 0.9 0.000672 0dB -105 100ms 1660773647.57 3647.57 15827.005 3.9894 0.101329 -1
20220818T010133 15815.037 15838.973 0.23935999999999694 0.9 0.000663 0dB -105 100ms 1660773740.00 3740.00 15826.939 4.0305 0.0993811 -1
20220818T010306 15839.030 15814.847 -0.241830000000009 0.9 0.000667 0dB -105 100ms 1660773832.52 3832.52 15827.010 4.1125 0.100485 -1
20220818T010438 15814.672 15839.347 0.24674999999999273 0.9 0.000664 0dB -105 100ms 1660773925.32 3925.32 15826.997 4.1063 0.0994702 -1
20220818T010611 15839.316 15814.678 -0.2463800000000083 0.9 0.000668 0dB -105 100ms 1660774018.12 4018.12 15826.959 4.1411 0.102113 -1
20220818T010743 15814.536 15839.383 0.24846999999999753 0.9 0.000654 0dB -105 100ms 1660774110.66 4110.66 15826.976 4.0351 0.0988134 -1
20220818T010916 15839.082 15814.871 -0.24211000000001148 0.9 0.000662 0dB -105 100ms 1660774203.02 4203.02 15827.020 4.0336 0.100233 -1
20220818T011049 15814.919 15839.121 0.24201999999999316 0.9 0.000660 0dB -105 100ms 1660774295.67 4295.67 15826.991 3.9956 0.0987344 -1
20220818T011221 15838.978 15815.005 -0.23972999999999955 0.9 0.000668 0dB -105 100ms 1660774388.41 4388.41 15826.983 4.0626 0.100721 -1
20220818T011354 15814.795 15839.171 0.24376000000000203 0.9 0.000663 0dB -105 100ms 1660774480.82 4480.82 15826.945 4.0788 0.10006 -1
20220818T011526 15839.182 15814.709 -0.24472999999999956 0.9 0.000663 0dB -105 100ms 1660774573.43 4573.43 15826.972 4.1199 0.098677 -1
20220818T011659 15814.612 15839.331 0.2471900000000096 0.9 0.000672 0dB -105 100ms 1660774666.14 4666.14 15826.985 3.9758 0.101076 -1
20220818T011831 15838.912 15815.057 -0.23854999999999563 0.9 0.000665 0dB -105 100ms 1660774758.77 4758.77 15826.952 3.9019 0.0990903 -1
20220818T012004 15815.246 15838.658 0.23412000000000263 0.9 0.000671 0dB -105 100ms 1660774851.30 4851.30 15826.966 3.984 0.0998911 -1
20220818T012248 15838.918 15815.014 -0.2390400000000045 0.9 0.0005 0dB -105 100ms 1660775016.36 5016.36 15826.793 4.1462 0.0713738 -1
20220818T012421 15814.354 15839.232 0.20731666666667176 0.9 0.000500 0dB -105 100ms 1660775117.30 5117.30 15826.754 4.4656 0.0725106 -1
20220818T012612 15839.232 15814.354 -0.20731666666667176 0.9 0.000500 0dB -105 100ms 1660775228.17 5228.17 15826.852 4.2297 0.0729124 -1
20220818T012803 15814.163 15839.541 0.21148333333332328 0.9 0.000526 0dB -105 100ms 1660775339.33 5339.33 15826.842 4.3097 0.0762873 -1
20220818T012954 15839.541 15814.163 -0.21148333333332328 0.9 0.000526 0dB -105 100ms 1660775450.23 5450.23 15826.869 4.0938 0.0781464 -1
20220818T013145 15814.588 15839.151 0.20469166666666752 0.9 0.000553 0dB -105 100ms 1660775561.27 5561.27 15826.877 4.2542 0.0820413 -1
20220818T013336 15839.151 15814.588 -0.20469166666666752 0.9 0.000553 0dB -105 100ms 1660775672.08 5672.08 15826.888 4.2413 0.0798707 -1
20220818T013527 15814.164 15839.612 0.21206666666665416 0.9 0.000582 0dB -105 100ms 1660775783.25 5783.25 15826.920 4.1279 0.0859612 -1
20220818T013718 15839.612 15814.164 -0.21206666666665416 0.9 0.000582 0dB -105 100ms 1660775894.08 5894.08 15826.884 3.9337 0.0867245 -1
20220818T013909 15815.083 15838.685 0.1966833333333246 0.9 0.000613 0dB -105 100ms 1660776005.31 6005.31 15826.951 4.1281 0.0917788 -1
20220818T014100 15838.685 15815.083 -0.1966833333333246 0.9 0.000613 0dB -105 100ms 1660776115.71 6115.71 15826.934 3.9431 0.090715 -1
20220818T014250 15815.105 15838.764 0.1971583333333304 0.9 0.000645 0dB -105 100ms 1660776227.17 6227.17 15826.997 4.1459 0.0940022 -1
20220818T014441 15838.764 15815.105 -0.1971583333333304 0.9 0.000645 0dB -105 100ms 1660776337.61 6337.61 15826.979 4.1776 0.0971297 -1
20220818T014632 15814.446 15839.512 0.20888333333333928 0.9 0.000678 0dB -105 100ms 1660776448.72 6448.72 15826.963 4.0211 0.102433 -1
20220818T014823 15839.512 15814.446 -0.20888333333333928 0.9 0.000678 0dB -105 100ms 1660776559.79 6559.79 15826.965 4.0163 0.103268 -1
20220818T015014 15814.916 15839.014 0.2008166666666663 0.9 0.000713 0dB -105 100ms 1660776670.76 6670.76 15826.989 3.9014 0.108225 -1
20220818T015205 15839.014 15814.916 -0.2008166666666663 0.9 0.000713 0dB -105 100ms 1660776781.46 6781.46 15826.996 3.9965 0.108972 -1
20220818T015356 15815.006 15838.985 0.19982500000000983 0.9 0.000751 0dB -105 100ms 1660776892.61 6892.61 15827.006 3.9255 0.115675 -1
20220818T015547 15838.985 15815.006 -0.19982500000000983 0.9 0.000751 0dB -105 100ms 1660777003.37 7003.37 15827.029 3.9748 0.116874 -1
20220818T015738 15815.105 15838.954 0.198741666666668 0.9 0.000790 0dB -105 100ms 1660777114.63 7114.63 15827.057 3.8572 0.124599 -1
20220818T015929 15838.954 15815.105 -0.198741666666668 0.9 0.000790 0dB -105 100ms 1660777225.32 7225.32 15827.076 3.7536 0.124332 -1
20220818T020120 15815.815 15838.337 0.1876833333333252 0.9 0.000831 0dB -105 100ms 1660777336.21 7336.21 15827.019 3.783 0.131458 -1
20220818T020311 15838.337 15815.815 -0.1876833333333252 0.9 0.000831 0dB -105 100ms 1660777447.79 7447.79 15827.004 3.8836 0.129233 -1
20220818T020502 15815.353 15838.654 0.19417500000001078 0.9 0.000874 0dB -105 100ms 1660777558.23 7558.23 15826.972 3.898 0.13597 -1
20220818T020653 15838.654 15815.353 -0.19417500000001078 0.9 0.000874 0dB -105 100ms 1660777669.60 7669.60 15826.948 3.9294 0.136459 -1
20220818T020844 15815.159 15838.736 0.19647500000000945 0.9 0.000920 0dB -105 100ms 1660777780.22 7780.22 15826.936 3.833 0.146172 -1
20220818T021035 15838.736 15815.159 -0.19647500000000945 0.9 0.000920 0dB -105 100ms 1660777891.16 7891.16 15826.962 3.8696 0.147061 -1
20220818T021226 15815.353 15838.571 0.19348333333333964 0.9 0.000967 0dB -105 100ms 1660778002.01 8002.01 15826.928 3.7898 0.154082 -1
20220818T021417 15838.571 15815.353 -0.19348333333333964 0.9 0.000967 0dB -105 100ms 1660778113.30 8113.30 15826.927 3.9574 0.158104 -1
20220818T021608 15815.055 15838.799 0.19786666666667163 0.9 0.001018 0dB -105 100ms 1660778223.90 8223.90 15826.886 3.85 0.163016 -1
20220818T021759 15838.799 15815.055 -0.19786666666667163 0.9 0.001018 0dB -105 100ms 1660778335.27 8335.27 15826.876 3.8345 0.162947 -1
20220818T021950 15815.372 15838.379 0.19172500000001189 0.9 0.001071 0dB -105 100ms 1660778445.73 8445.73 15826.831 3.8229 0.174735 -1
20220818T022140 15838.379 15815.372 -0.19172500000001189 0.9 0.001071 0dB -105 100ms 1660778557.20 8557.20 15826.805 3.7441 0.173671 -1
20220818T022331 15815.572 15838.037 0.18720833333333456 0.9 0.001127 0dB -105 100ms 1660778667.61 8667.61 15826.765 3.6609 0.183681 -1
20220818T022522 15838.037 15815.572 -0.18720833333333456 0.9 0.001127 0dB -105 100ms 1660778778.91 8778.91 15826.766 3.6646 0.1852 -1
20220818T022713 15815.772 15837.760 0.1832333333333281 0.9 0.001185 0dB -105 100ms 1660778889.53 8889.53 15826.740 3.6728 0.196196 -1
20220818T022904 15837.760 15815.772 -0.1832333333333281 0.9 0.001185 0dB -105 100ms 1660779000.78 9000.78 15826.728 3.6978 0.196051 -1
20220818T023055 15815.634 15837.821 0.18489166666666582 0.9 0.001247 0dB -105 100ms 1660779111.04 9111.04 15826.625 3.5526 0.2083 -1
20220818T023246 15837.821 15815.634 -0.18489166666666582 0.9 0.001247 0dB -105 100ms 1660779222.94 9222.94 15826.639 3.6588 0.211214 -1
20220818T023437 15815.663 15837.616 0.18294166666666267 0.9 0.001312 0dB -105 100ms 1660779333.05 9333.05 15826.558 3.557 0.222197 -1
20220818T023628 15837.616 15815.663 -0.18294166666666267 0.9 0.001312 0dB -105 100ms 1660779444.91 9444.91 15826.542 3.6004 0.223339 -1
20220818T023819 15815.740 15837.343 0.18002500000000812 0.9 0.001380 0dB -105 100ms 1660779554.98 9554.98 15826.464 3.5164 0.235834 -1
20220818T024010 15837.343 15815.740 -0.18002500000000812 0.9 0.001380 0dB -105 100ms 1660779666.82 9666.82 15826.440 3.5019 0.237482 -1
20220818T024201 15815.935 15836.946 0.17509166666667017 0.9 0.001452 0dB -105 100ms 1660779776.75 9776.75 15826.348 3.4626 0.248023 -1
20220818T024352 15836.946 15815.935 -0.17509166666667017 0.9 0.001452 0dB -105 100ms 1660779888.80 9888.80 15826.322 3.4673 0.249885 -1
20220818T024543 15815.920 15836.724 0.1733666666666674 0.9 0.001528 0dB -105 100ms 1660779998.55 9998.55 15826.214 3.4305 0.26347 -1
20220818T024734 15836.724 15815.920 -0.1733666666666674 0.9 0.001528 0dB -105 100ms 1660780110.75 10110.75 15826.190 3.456 0.265353 -1
20220818T024925 15815.822 15836.558 0.17280000000000656 0.9 0.001608 0dB -105 100ms 1660780220.24 10220.24 15826.050 3.3444 0.277883 -1
20220818T025116 15836.558 15815.822 -0.17280000000000656 0.9 0.001608 0dB -105 100ms 1660780332.91 10332.91 15826.006 3.3927 0.281817 -1
20220818T025307 15815.828 15836.184 0.1696333333333314 0.9 0.001691 0dB -105 100ms 1660780442.33 10442.33 15825.900 3.3451 0.291472 -1
20220818T025457 15836.184 15815.828 -0.1696333333333314 0.9 0.001691 0dB -105 100ms 1660780554.75 10554.75 15825.835 3.4153 0.295153 -1
20220818T025648 15815.590 15836.081 0.1707583333333332 0.9 0.001779 0dB -105 100ms 1660780664.18 10664.18 15825.727 3.3225 0.306402 -1
20220818T025839 15836.081 15815.590 -0.1707583333333332 0.9 0.001779 0dB -105 100ms 1660780777.03 10777.03 15825.596 3.5073 0.310578 -1
20220818T030030 15815.074 15836.118 0.1753666666666656 0.9 0.001872 0dB -105 100ms 1660780886.55 10886.55 15825.566 3.39 0.320642 -1
20220818T030221 15836.118 15815.074 -0.1753666666666656 0.9 0.001872 0dB -105 100ms 1660780998.89 10998.89 15825.358 3.5622 0.321575 -1
20220818T030412 15814.671 15836.045 0.17811666666666498 0.9 0.001970 0dB -105 100ms 1660781108.57 11108.57 15825.353 3.4752 0.329572 -1
20220818T030603 15836.045 15814.671 -0.17811666666666498 0.9 0.001970 0dB -105 100ms 1660781221.60 11221.60 15824.960 3.7358 0.337023 -1
20220818T030754 15813.752 15836.168 0.1867999999999938 0.9 0.002072 0dB -105 100ms 1660781331.69 11331.69 15825.207 3.4203 0.344446 -1
20220818T030945 15836.168 15813.752 -0.1867999999999938 0.9 0.002072 0dB -105 100ms 1660781443.08 11443.08 15824.613 4.0548 0.350948 -1
20220818T031136 15812.448 15836.777 0.20274166666666435 0.9 0.002180 0dB -105 100ms 1660781554.31 11554.31 15825.056 3.5681 0.35727 -1
20220818T031327 15836.777 15812.448 -0.20274166666666435 0.9 0.002180 0dB -105 100ms 1660781665.17 11665.17 15824.188 4.3101 0.364643 -1
20220818T031518 15811.258 15837.118 0.21550000000000485 0.9 0.002294 0dB -105 100ms 1660781776.91 11776.91 15824.828 3.7055 0.370615 -1
20220818T031709 15837.118 15811.258 -0.21550000000000485 0.9 0.002294 0dB -105 100ms 1660781887.25 11887.25 15823.689 4.6244 0.385498 -1
20220818T031900 15809.815 15837.562 0.2312249999999949 0.9 0.002413 0dB -105 100ms 1660781999.95 11999.95 15824.674 3.7534 0.382757 -1
20220818T032051 15837.562 15809.815 -0.2312249999999949 0.9 0.002413 0dB -105 100ms 1660782108.57 12108.57 15823.278 4.9307 0.397616 -1
20220818T032242 15808.486 15838.071 0.2465416666666594 0.9 0.002539 0dB -105 100ms 1660782222.33 12222.33 15824.474 3.9341 0.391878 -1
20220818T032432 15838.071 15808.486 -0.2465416666666594 0.9 0.002539 0dB -105 100ms 1660782330.40 12330.40 15822.851 5.0149 0.418595 -1
20220818T032623 15807.806 15837.895 0.2507416666666662 0.9 0.002671 0dB -105 100ms 1660782444.85 12444.85 15824.245 4.1699 0.397421 -1
20220818T032814 15837.895 15807.806 -0.2507416666666662 0.9 0.002671 0dB -105 100ms 1660782551.69 12551.69 15822.576 5.1376 0.426528 -1
20220818T033005 15807.163 15837.988 0.2568749999999909 0.9 0.002810 0dB -105 100ms 1660782667.12 12667.12 15824.122 4.0357 0.413255 -1
20220818T033156 15837.988 15807.163 -0.2568749999999909 0.9 0.002810 0dB -105 100ms 1660782773.56 12773.56 15822.286 5.214 0.442603 -1
20220818T033347 15806.644 15837.928 0.2606999999999971 0.9 0.002956 0dB -105 100ms 1660782888.79 12888.79 15823.790 4.1625 0.424847 -1
20220818T033538 15837.928 15806.644 -0.2606999999999971 0.9 0.002956 0dB -105 100ms 1660782995.68 12995.68 15821.939 5.2543 0.457519 -1
20220818T033729 15806.176 15837.702 0.2627166666666653 0.9 0.003110 0dB -105 100ms 1660783111.30 13111.30 15823.633 4.2873 0.433326 -1
20220818T033920 15837.702 15806.176 -0.2627166666666653 0.9 0.003110 0dB -105 100ms 1660783217.21 13217.21 15821.699 5.4449 0.469235 -1
20220818T034111 15805.365 15838.034 0.27224166666666555 0.9 0.003272 0dB -105 100ms 1660783333.16 13333.16 15823.420 4.3887 0.44222 -1
20220818T034302 15838.034 15805.365 -0.27224166666666555 0.9 0.003272 0dB -105 100ms 1660783439.21 13439.21 15821.440 5.6642 0.482865 -1
20220818T034453 15804.447 15838.433 0.2832166666666732 0.9 0.003443 0dB -105 100ms 1660783555.01 13555.01 15823.197 4.4754 0.451924 -1
20220818T034644 15838.433 15804.447 -0.2832166666666732 0.9 0.003443 0dB -105 100ms 1660783661.10 13661.10 15821.193 5.743 0.499982 -1
20220818T034835 15803.964 15838.422 0.2871500000000045 0.9 0.003622 0dB -105 100ms 1660783777.13 13777.13 15823.018 4.5315 0.465023 -1
20220818T035026 15838.422 15803.964 -0.2871500000000045 0.9 0.003622 0dB -105 100ms 1660783882.83 13882.83 15821.014 6.0086 0.511623 -1
20220818T035217 15802.988 15839.040 0.3004333333333458 0.9 0.003811 0dB -105 100ms 1660783998.80 13998.80 15822.838 4.8518 0.467608 -1
20220818T035408 15839.040 15802.988 -0.3004333333333458 0.9 0.003811 0dB -105 100ms 1660784104.99 14104.99 15820.774 6.0838 0.525484 -1
20220818T035559 15802.522 15839.025 0.3041916666666566 0.9 0.004009 0dB -105 100ms 1660784220.69 14220.69 15822.581 4.748 0.48322 -1
20220818T035750 15839.025 15802.522 -0.3041916666666566 0.9 0.004009 0dB -105 100ms 1660784326.84 14326.84 15820.567 6.3564 0.531158 -1
20220818T035941 15801.498 15839.636 0.3178166666666736 0.9 0.004218 0dB -105 100ms 1660784442.44 14442.44 15822.382 4.8578 0.494433 -1
20220818T040132 15839.636 15801.498 -0.3178166666666736 0.9 0.004218 0dB -105 100ms 1660784548.75 14548.75 15820.360 6.5114 0.545059 -1
20220818T040323 15800.826 15839.894 0.325566666666676 0.9 0.004438 0dB -105 100ms 1660784664.09 14664.09 15822.140 5.1115 0.503279 -1
20220818T040514 15839.894 15800.826 -0.325566666666676 0.9 0.004438 0dB -105 100ms 1660784770.62 14770.62 15820.156 6.8381 0.552735 -1
20220818T040705 15799.641 15840.670 0.3419083333333371 0.9 0.004669 0dB -105 100ms 1660784885.75 14885.75 15821.927 5.4273 0.507851 -1
20220818T040856 15840.670 15799.641 -0.3419083333333371 0.9 0.004669 0dB -105 100ms 1660784992.51 14992.51 15819.950 7.0922 0.564145 -1
20220818T041047 15798.673 15841.227 0.3546166666666674 0.9 0.004912 0dB -105 100ms 1660785107.57 15107.57 15821.747 5.4855 0.521214 -1
20220818T041238 15841.227 15798.673 -0.3546166666666674 0.9 0.004912 0dB -105 100ms 1660785214.51 15214.51 15819.717 7.3644 0.57163 -1
20220818T041428 15797.624 15841.810 0.36821666666666414 0.9 0.005168 0dB -105 100ms 1660785329.01 15329.01 15821.381 5.9626 0.529019 -1
20220818T041619 15841.810 15797.624 -0.36821666666666414 0.9 0.005168 0dB -105 100ms 1660785436.39 15436.39 15819.496 7.7797 0.579613 -1
20220818T041810 15796.157 15842.835 0.38898333333333235 0.9 0.005437 0dB -105 100ms 1660785550.88 15550.88 15821.226 6.1533 0.534938 -1
20220818T042001 15842.835 15796.157 -0.38898333333333235 0.9 0.005437 0dB -105 100ms 1660785658.35 15658.35 15819.251 8.1448 0.588015 -1
20220818T042152 15794.816 15843.685 0.40724166666665645 0.9 0.005721 0dB -105 100ms 1660785772.74 15772.74 15821.031 6.5077 0.543119 -1
20220818T042343 15843.685 15794.816 -0.40724166666665645 0.9 0.005721 0dB -105 100ms 1660785880.24 15880.24 15818.996 8.5033 0.596047 -1
20220818T042534 15793.486 15844.506 0.42516666666665515 0.9 0.006018 0dB -105 100ms 1660785994.57 15994.57 15820.844 6.7423 0.551606 -1
20220818T042725 15844.506 15793.486 -0.42516666666665515 0.9 0.006018 0dB -105 100ms 1660786102.08 16102.08 15818.739 8.9646 0.60537 -1
20220818T042916 15791.845 15845.633 0.4482333333333372 0.9 0.006332 0dB -105 100ms 1660786216.38 16216.38 15820.656 6.9713 0.558183 -1
20220818T043107 15845.633 15791.845 -0.4482333333333372 0.9 0.006332 0dB -105 100ms 1660786323.96 16323.96 15818.466 9.4566 0.612176 -1
20220818T043258 15790.096 15846.835 0.4728249999999965 0.9 0.006662 0dB -105 100ms 1660786438.32 16438.32 15820.476 7.2841 0.568064 -1
20220818T043449 15846.835 15790.096 -0.4728249999999965 0.9 0.006662 0dB -105 100ms 1660786545.86 16545.86 15818.200 9.8273 0.61884 -1
20220818T043640 15788.718 15847.682 0.4913666666666662 0.9 0.007009 0dB -105 100ms 1660786659.69 16659.69 15820.038 7.8259 0.577011 -1
20220818T043831 15847.682 15788.718 -0.4913666666666662 0.9 0.007009 0dB -105 100ms 1660786767.76 16767.76 15817.904 10.277 0.624215 -1
20220818T044022 15787.072 15848.736 0.5138666666666722 0.9 0.007374 0dB -105 100ms 1660786881.55 16881.55 15819.806 8.2936 0.582383 -1
20220818T044213 15848.736 15787.072 -0.5138666666666722 0.9 0.007374 0dB -105 100ms 1660786989.58 16989.58 15817.646 10.595 0.63215 -1
20220818T044404 15785.863 15849.430 0.5297250000000077 0.9 0.007758 0dB -105 100ms 1660787103.45 17103.45 15819.584 8.6873 0.588929 -1
20220818T044555 15849.430 15785.863 -0.5297250000000077 0.9 0.007758 0dB -105 100ms 1660787211.55 17211.55 15817.366 11.076 0.640953 -1
20220818T044746 15784.137 15850.596 0.553824999999991 0.9 0.008162 0dB -105 100ms 1660787325.35 17325.35 15819.364 9.0158 0.595662 -1
20220818T044937 15850.596 15784.137 -0.553824999999991 0.9 0.008162 0dB -105 100ms 1660787433.50 17433.50 15817.069 11.66 0.645046 -1
20220818T045128 15782.088 15852.050 0.5830166666666627 0.9 0.008587 0dB -105 100ms 1660787547.24 17547.24 15819.148 9.3545 0.600767 -1
20220818T045319 15852.050 15782.088 -0.5830166666666627 0.9 0.008587 0dB -105 100ms 1660787655.43 17655.43 15816.764 12.13 0.649549 -1
20220818T045510 15780.373 15853.155 0.6065166666666755 0.9 0.009034 0dB -105 100ms 1660787769.20 17769.20 15818.946 9.7088 0.606565 -1
20220818T045700 15853.155 15780.373 -0.6065166666666755 0.9 0.009034 0dB -105 100ms 1660787877.11 17877.11 15816.598 12.596 0.648516 -1
20220818T045851 15778.810 15854.386 0.6298000000000078 0.9 0.009505 0dB -105 100ms 1660787990.49 17990.49 15818.439 10.345 0.613453 -1
20220818T050042 15854.386 15778.810 -0.6298000000000078 0.9 0.009505 0dB -105 100ms 1660788099.41 18099.41 15816.166 13.111 0.661199 -1
20220818T050233 15776.834 15855.498 0.6555333333333238 0.9 0.010000 0dB -105 100ms 1660788212.50 18212.50 15818.139 11.036 0.618501 -1
20220818T050424 15855.498 15776.834 -0.6555333333333238 0.9 0.010000 0dB -105 100ms 1660788321.02 18321.02 15815.932 13.502 0.665166 -1
20220818T081757 15775.427 15856.436 0.8100900000000002 0.9 0.0005 0dB -105 100ms 1660799935.81 29935.81 15826.571 4.8537 0.0688249 -1
20220818T081945 15841.132 15812.010 -0.2912199999999939 0.9 0.0005 0dB -105 100ms 1660800031.00 30031.00 15827.028 4.0325 0.0757122 -1
20220818T082118 15814.931 15839.126 0.20162499999999758 0.9 0.000500 0dB -105 100ms 1660800134.19 30134.19 15827.024 4.2415 0.0746182 -1
20220818T082309 15839.126 15814.931 -0.20162499999999758 0.9 0.000500 0dB -105 100ms 1660800246.08 30246.08 15826.828 4.203 0.0717995 -1
20220818T082500 15814.219 15839.437 0.2101500000000063 0.9 0.000526 0dB -105 100ms 1660800357.17 30357.17 15827.077 4.1256 0.0795549 -1
20220818T082651 15839.437 15814.219 -0.2101500000000063 0.9 0.000526 0dB -105 100ms 1660800466.21 30466.21 15827.011 4.2042 0.0778823 -1
20220818T082842 15814.398 15839.624 0.2102166666666714 0.9 0.000553 0dB -105 100ms 1660800576.69 30576.69 15826.725 4.4289 0.0783889 -1
20220818T083033 15839.624 15814.398 -0.2102166666666714 0.9 0.000553 0dB -105 100ms 1660800688.77 30688.77 15827.033 4.0749 0.0832022 -1
20220818T083223 15814.808 15839.257 0.20374166666665589 0.9 0.000582 0dB -105 100ms 1660800799.81 30799.81 15827.034 4.0915 0.0866879 -1
20220818T083414 15839.257 15814.808 -0.20374166666665589 0.9 0.000582 0dB -105 100ms 1660800912.14 30912.14 15826.720 4.3256 0.0822735 -1
20220818T083636 15813.743 15839.697 0.2595399999999972 0.9 0.0005 0dB -105 100ms 1660801044.59 31044.59 15826.966 4.128 0.0750657 -1
20220818T083809 15839.350 15814.582 -0.20640000000000025 0.9 0.000500 0dB -105 100ms 1660801145.70 31145.70 15826.946 4.0395 0.0743514 -1
20220818T084000 15814.582 15839.350 0.20640000000000025 0.9 0.000500 0dB -105 100ms 1660801254.68 31254.68 15826.553 4.6451 0.0676725 -1
20220818T084151 15839.350 15814.582 -0.20640000000000025 0.9 0.000500 0dB -105 100ms 1660801367.98 31367.98 15826.858 4.1675 0.0736566 -1
20220818T084342 15814.582 15839.350 0.20640000000000025 0.9 0.000500 0dB -105 100ms 1660801478.11 31478.11 15826.903 4.1094 0.0737052 -1
20220818T084533 15839.350 15814.582 -0.20640000000000025 0.9 0.000500 0dB -105 100ms 1660801589.73 31589.73 15826.865 4.2971 0.0730455 -1
20220818T084724 15814.582 15839.350 0.20640000000000025 0.9 0.000500 0dB -105 100ms 1660801699.97 31699.97 15826.914 4.1766 0.0753531 -1
20220818T084915 15839.444 15814.384 -0.2088333333333291 0.9 0.000526 0dB -105 100ms 1660801811.32 31811.32 15826.873 4.2979 0.0776176 -1
20220818T085106 15814.384 15839.444 0.2088333333333291 0.9 0.000526 0dB -105 100ms 1660801922.33 31922.33 15826.972 4.3301 0.0780144 -1
20220818T085257 15839.444 15814.384 -0.2088333333333291 0.9 0.000526 0dB -105 100ms 1660802032.73 32032.73 15826.979 4.0493 0.0788787 -1
20220818T085448 15814.384 15839.444 0.2088333333333291 0.9 0.000526 0dB -105 100ms 1660802144.24 32144.24 15826.981 4.0325 0.0808474 -1
20220818T085638 15839.444 15814.384 -0.2088333333333291 0.9 0.000526 0dB -105 100ms 1660802254.37 32254.37 15827.025 4.0464 0.0807427 -1
20220818T085829 15814.384 15839.444 0.2088333333333291 0.9 0.000526 0dB -105 100ms 1660802366.17 32366.17 15827.003 3.8731 0.0808531 -1
20220818T090020 15838.622 15815.383 -0.19365833333332982 0.9 0.000553 0dB -105 100ms 1660802477.86 32477.86 15826.764 4.167 0.0808937 -1
20220818T090211 15815.383 15838.622 0.19365833333332982 0.9 0.000553 0dB -105 100ms 1660802586.28 32586.28 15826.709 4.2184 0.0786732 -1
20220818T090402 15838.622 15815.383 -0.19365833333332982 0.9 0.000553 0dB -105 100ms 1660802698.56 32698.56 15827.003 3.901 0.0845893 -1
20220818T090553 15815.383 15838.622 0.19365833333332982 0.9 0.000553 0dB -105 100ms 1660802809.70 32809.70 15827.050 3.8759 0.0844001 -1
20220818T090744 15838.622 15815.383 -0.19365833333332982 0.9 0.000553 0dB -105 100ms 1660802921.25 32921.25 15826.821 4.068 0.0795567 -1
20220818T090935 15815.383 15838.622 0.19365833333332982 0.9 0.000553 0dB -105 100ms 1660803030.57 33030.57 15826.832 4.2812 0.0789888 -1
20220818T091126 15839.676 15813.988 -0.21406666666666752 0.9 0.000582 0dB -105 100ms 1660803143.16 33143.16 15826.630 4.4875 0.0835082 -1
20220818T091317 15813.988 15839.676 0.21406666666666752 0.9 0.000582 0dB -105 100ms 1660803253.01 33253.01 15826.771 4.4184 0.085769 -1
20220818T091550 15839.676 15813.988 -0.21406666666666752 0.9 0.007456 0dB -105 100ms 0.00 0.00 -1.000 29.343 2.773 -1
20220818T091813 15750 15839.676 0.7472999999999956 0.9 0.007456 0dB -105 100ms 1660803579.34 33579.34 15819.601 5.8422 0.543003 -1
20220818T092004 15837.127 15802.074 -0.5007571428571412 0.9 0.007456 0dB -105 100ms 1660803641.13 33641.13 15817.353 10.299 0.625309 -1
20220818T092109 15786.455 15848.251 0.8828000000000039 0.9 0.007456 0dB -105 100ms 1660803704.30 33704.30 15819.438 8.4619 0.582131 -1
20220818T092244 15844.824 15794.053 -0.7253000000000092 0.9 0.007456 0dB -105 100ms 1660803799.95 33799.95 15817.379 10.57 0.628073 -1
20220818T092349 15785.670 15849.088 0.9059714285714238 0.9 0.003561 0dB -105 100ms 1660803868.18 33868.18 15823.016 4.5986 0.459107 -1
20220818T092454 15836.812 15809.220 -0.39417142857143644 0.9 0.002327 0dB -105 100ms 1660803926.99 33926.99 15823.282 4.871 0.410014 -1
20220818T092559 15808.669 15837.895 0.41751428571429383 0.9 0.001703 0dB -105 100ms 1660803998.40 33998.40 15825.869 3.5907 0.305442 -1
20220818T092704 15836.641 15815.097 -0.3077714285714267 0.9 0.000558 0dB -105 100ms 1660804054.87 34054.87 15826.870 3.9856 0.0832988 -1
20220818T092809 15814.914 15838.827 0.3416142857142664 0.9 0.000670 0dB -105 100ms 1660804123.35 34123.35 15827.014 4.059 0.104715 -1
20220818T092915 15839.191 15814.837 -0.34791428571430255 0.9 0.000640 0dB -105 100ms 1660804188.71 34188.71 15826.762 4.2876 0.0951519 -1
20220818T093020 15813.899 15839.624 0.3675000000000052 0.9 0.000673 0dB -105 100ms 1660804253.90 34253.90 15827.061 3.9449 0.106002 -1
20220818T093125 15838.896 15815.226 -0.3381428571428582 0.9 0.000635 0dB -105 100ms 1660804319.46 34319.46 15826.634 4.6036 0.0889926 -1
20220818T093230 15812.823 15840.445 0.3945999999999913 0.9 0.000714 0dB -105 100ms 1660804384.04 34384.04 15826.893 4.0061 0.108302 -1
20220818T093335 15838.911 15814.874 -0.343385714285718 0.9 0.000659 0dB -105 100ms 1660804448.35 34448.35 15826.963 4.0108 0.101996 -1
20220818T093440 15814.930 15838.995 0.3437857142857216 0.9 0.000646 0dB -105 100ms 1660804513.13 34513.13 15826.757 4.3216 0.0937368 -1
20220818T093545 15839.722 15813.793 -0.370414285714287 0.9 0.000689 0dB -105 100ms 1660804578.13 34578.13 15827.027 4.1753 0.107222 -1
20220818T093650 15814.501 15839.553 0.3578857142857097 0.9 0.000643 0dB -105 100ms 1660804643.08 34643.08 15826.704 4.3284 0.0912293 -1
20220818T093756 15839.689 15813.718 -0.37101428571427925 0.9 0.000705 0dB -105 100ms 1660804708.99 34708.99 15826.714 4.3754 0.0977932 -1
20220818T093901 15813.588 15839.841 0.3750428571428659 0.9 0.000721 0dB -105 100ms 1660804773.82 34773.82 15826.592 4.7588 0.0976974 -1
20220818T094006 15840.868 15812.316 -0.4078857142857097 0.9 0.000738 0dB -105 100ms 1660804838.83 34838.83 15826.766 4.2205 0.103533 -1
20220818T094111 15814.105 15839.428 0.36175714285714744 0.9 0.000713 0dB -105 100ms 1660804903.52 34903.52 15826.454 4.9027 0.0906161 -1
20220818T094216 15841.162 15811.747 -0.4202142857142982 0.9 0.000787 0dB -105 100ms 1660804969.21 34969.21 15826.543 4.6993 0.101674 -1
20220818T094321 15812.445 15840.641 0.23496666666666594 0.9 0.000774 0dB -105 100ms 1660805056.93 35056.93 15826.419 4.8377 0.0965611 -1
20220818T094512 15840.932 15811.906 -0.241883333333332 0.9 0.000802 0dB -105 100ms 1660805168.29 35168.29 15826.435 4.9454 0.101797 -1
20220818T094703 15811.599 15841.271 0.24726666666667066 0.9 0.000788 0dB -105 100ms 1660805279.49 35279.49 15826.488 5.0029 0.100026 -1
20220818T094854 15841.497 15811.479 -0.25015000000000026 0.9 0.000788 0dB -105 100ms 1660805390.35 35390.35 15826.451 5.0182 0.0995133 -1
20220818T095045 15811.397 15841.506 0.25090833333332135 0.9 0.000792 0dB -105 100ms 1660805501.17 35501.17 15826.459 4.8046 0.0982838 -1
20220818T095236 15840.872 15812.045 -0.2402249999999943 0.9 0.000806 0dB -105 100ms 1660805612.35 35612.35 15826.391 5.0269 0.0982036 -1
20220818T095427 15811.310 15841.472 0.2513500000000022 0.9 0.000821 0dB -105 100ms 1660805722.67 35722.67 15826.300 5.391 0.0955216 -1
20220818T095618 15842.473 15810.127 -0.26954999999999624 0.9 0.000859 0dB -105 100ms 1660805834.31 35834.31 15826.172 5.6421 0.0946276 -1
20220818T095808 15809.246 15843.099 0.28210833333334145 0.9 0.000908 0dB -105 100ms 1660805944.10 35944.10 15825.963 6.0009 0.0950313 -1
20220818T095959 15843.966 15807.960 -0.3000500000000102 0.9 0.000955 0dB -105 100ms 1660806056.19 36056.19 15825.789 6.3207 0.0944969 -1
20220818T100150 15806.827 15844.751 0.3160333333333407 0.9 0.001011 0dB -105 100ms 1660806166.56 36166.56 15825.794 6.4321 0.096322 -1
20220818T100341 15845.091 15806.498 -0.32160833333333966 0.9 0.001050 0dB -105 100ms 1660806277.37 36277.37 15825.831 6.4767 0.100213 -1
20220818T100532 15806.401 15845.261 0.3238333333333382 0.9 0.001048 0dB -105 100ms 1660806387.98 36387.98 15825.679 6.4406 0.0981616 -1
20220818T100723 15845.001 15806.357 -0.3220333333333353 0.9 0.001068 0dB -105 100ms 1660806499.10 36499.10 15825.762 6.5511 0.103931 -1
20220818T100914 15806.108 15845.415 0.32755833333333917 0.9 0.001028 0dB -105 100ms 1660806610.30 36610.30 15825.770 6.5207 0.0998381 -1
20220818T101105 15845.332 15806.208 -0.3260333333333316 0.9 0.001030 0dB -105 100ms 1660806721.18 36721.18 15825.786 6.6208 0.0986158 -1
20220818T101256 15805.924 15845.648 0.3310333333333195 0.9 0.001044 0dB -105 100ms 1660806832.28 36832.28 15825.832 6.3037 0.100904 -1
20220818T101447 15844.743 15806.921 -0.3151833333333343 0.9 0.001035 0dB -105 100ms 1660806943.25 36943.25 15825.770 6.4815 0.0977138 -1
20220818T101638 15806.326 15845.215 0.3240750000000086 0.9 0.001059 0dB -105 100ms 1660807053.81 37053.81 15825.710 6.2955 0.0999034 -1
20220818T101828 15844.596 15806.823 -0.3147749999999936 0.9 0.001060 0dB -105 100ms 1660807165.03 37165.03 15825.648 6.4406 0.100465 -1
20220818T102019 15806.326 15844.970 0.3220333333333353 0.9 0.001055 0dB -105 100ms 1660807276.00 37276.00 15825.735 6.4144 0.0993542 -1
20220818T102210 15844.978 15806.492 -0.32071666666665805 0.9 0.001062 0dB -105 100ms 1660807386.75 37386.75 15825.712 6.6677 0.0989237 -1
20220818T102401 15805.709 15845.715 0.33338333333332837 0.9 0.001074 0dB -105 100ms 1660807497.54 37497.54 15825.689 6.8139 0.100611 -1
20220818T102552 15846.131 15805.248 -0.3406916666666651 0.9 0.001067 0dB -105 100ms 1660807608.65 37608.65 15825.643 6.6604 0.0994082 -1
20220818T102743 15805.662 15845.624 0.3330166666666628 0.9 0.001073 0dB -105 100ms 1660807719.31 37719.31 15825.595 6.8704 0.0962705 -1
20220818T102934 15846.206 15804.984 -0.3435166666666646 0.9 0.001115 0dB -105 100ms 1660807830.28 37830.28 15825.621 6.819 0.0996359 -1
20220818T103125 15805.164 15846.078 0.3409499999999904 0.9 0.001119 0dB -105 100ms 1660807941.14 37941.14 15825.575 6.7129 0.102085 -1
20220818T103316 15845.714 15805.437 -0.335641666666667 0.9 0.001096 0dB -105 100ms 1660808053.45 38053.45 15825.106 7.7274 0.0897467 -1
20220818T103507 15801.924 15848.289 0.3863749999999982 0.9 0.001221 0dB -105 100ms 1660808163.17 38163.17 15825.149 8.0962 0.0996029 -1
20220818T103658 15849.437 15800.860 -0.4048083333333276 0.9 0.001226 0dB -105 100ms 1660808273.64 38273.64 15825.312 7.435 0.102659 -1
20220818T103849 15803.007 15847.616 0.3717416666666698 0.9 0.001194 0dB -105 100ms 1660808385.15 38385.15 15825.399 7.2821 0.102325 -1
20220818T104039 15847.245 15803.553 -0.36410000000000764 0.9 0.001167 0dB -105 100ms 1660808496.31 38496.31 15825.202 7.7531 0.0965248 -1
20220818T104230 15801.943 15848.462 0.38765833333333527 0.9 0.001209 0dB -105 100ms 1660808607.03 38607.03 15825.328 7.295 0.101277 -1
20220818T104421 15847.213 15803.443 -0.3647500000000036 0.9 0.001194 0dB -105 100ms 1660808717.73 38717.73 15825.304 7.2783 0.0998118 -1
20220818T104612 15803.470 15847.139 0.3639083333333322 0.9 0.001196 0dB -105 100ms 1660808828.74 38828.74 15825.351 7.2986 0.100311 -1
20220818T104803 15847.247 15803.455 -0.36493333333332884 0.9 0.001192 0dB -105 100ms 1660808939.46 38939.46 15825.388 7.3877 0.0986365 -1
20220818T104954 15803.225 15847.551 0.36938333333332596 0.9 0.001208 0dB -105 100ms 1660809050.50 39050.50 15825.394 7.2283 0.104376 -1
20220818T105145 15847.079 15803.709 -0.36141666666665817 0.9 0.001157 0dB -105 100ms 1660809161.41 39161.41 15825.386 7.4127 0.0975228 -1
20220818T105336 15803.148 15847.624 0.3706333333333381 0.9 0.001186 0dB -105 100ms 1660809272.19 39272.19 15825.345 7.5315 0.100243 -1
20220818T105527 15847.940 15802.751 -0.37657500000000255 0.9 0.001183 0dB -105 100ms 1660809383.19 39383.19 15825.358 7.3528 0.098043 -1
20220818T105718 15803.299 15847.416 0.3676416666666531 0.9 0.001207 0dB -105 100ms 1660809493.98 39493.98 15825.292 7.4474 0.101937 -1
20220818T105909 15847.635 15802.950 -0.37237499999999574 0.9 0.001184 0dB -105 100ms 1660809604.95 39604.95 15825.342 7.1651 0.100288 -1
20220818T110110 15803.846 15846.837 0.35825833333333323 0.9 0.001181 0dB -105 100ms 1660809724.97 39724.97 15824.630 8.2395 0.858928 -1
20220818T110401 15849.348 15799.911 -0.41197499999999915 0.9 0.001 0dB -105 100ms 1660809896.32 39896.32 15825.255 7.4977 0.0830734 -1
20220818T110552 15802.761 15847.748 0.37489166666665974 0.8 0.001204 0dB -105 100ms 1660810002.68 40002.68 15825.312 7.3166 0.103729 -1
20220818T110758 15847.262 15803.362 -0.36583333333334545 0.8 0.001161 0dB -105 100ms 1660810128.16 40128.16 15825.256 7.4096 0.0966208 -1
20220818T111111 15803.027 15847.484 0.3704750000000028 0.8 0.001202 0dB -105 100ms 1660810321.27 40321.27 15825.264 7.5359 0.100745 -1
20220818T111348 15847.872 15802.656 -0.37679999999998776 0.8 0.001193 0dB -105 100ms 1660810480.42 40480.42 15824.195 8.7389 0.0226329 -1
20220818T111625 15797.978 15850.412 0.4369500000000092 0.8 0.005271 0dB -105 100ms 1660810635.17 40635.17 15824.306 8.4141 0.0226441 -1
20220818T111942 15849.548 15799.063 -0.4207083333333382 0.8 0.023278 0dB -105 100ms 1660810832.03 40832.03 15824.323 10.918 0.0228435 -1
20220818T112500 15791.569 15857.077 0.5458999999999984 0.8 0.01 0dB -105 100ms 1660811139.92 41139.92 15817.413 9.5468 0.557783 -1
20220818T112639 15846.053 15788.772 -0.47734166666665867 0.8 0.001793 0dB -105 100ms 1660811235.70 41235.70 15825.226 6.9761 0.161154 -1
20220818T112818 15804.297 15846.154 0.3488083333333331 0.8 0.001113 0dB -105 100ms 1660811348.03 41348.03 15825.285 7.6556 0.0944902 -1
20220818T112956 15848.252 15802.318 -0.3827833333333425 0.8 0.001178 0dB -105 100ms 1660811446.73 41446.73 15825.268 7.6203 0.0977953 -1
20220818T113135 15802.407 15848.129 0.38101666666667977 0.8 0.001205 0dB -105 100ms 1660811545.57 41545.57 15825.316 7.3182 0.101978 -1
20220818T113437 15847.270 15803.361 -0.36590833333333045 0.8 0.001182 0dB -105 100ms 1660811726.83 41726.83 15825.334 7.5637 0.100168 -1
20220818T113735 15802.643 15848.025 0.37818333333333004 0.8 0.001180 0dB -105 100ms 1660811905.33 41905.33 15825.292 7.4311 0.0991178 -1
20220818T114013 15847.586 15802.999 -0.37155833333332944 0.8 0.001191 0dB -105 100ms 1660812063.26 42063.26 15825.385 7.434 0.102006 -1
20220818T114251 15803.083 15847.687 0.37169999999999465 0.8 0.001168 0dB -105 100ms 1660812221.39 42221.39 15825.360 7.1775 0.09855 -1
20220818T114529 15846.892 15803.828 -0.3588666666666692 0.8 0.001185 0dB -105 100ms 1660812379.78 42379.78 15825.223 7.4223 0.0974841 -1
20220818T114834 15802.956 15847.490 0.37111666666666376 0.8 0.001216 0dB -105 100ms 1660812564.57 42564.57 15825.289 7.1124 0.10181 -1
20220818T115013 15846.626 15803.952 -0.3556166666666741 0.8 0.001194 0dB -105 100ms 1660812663.31 42663.31 15825.258 7.6913 0.0982215 -1
20220818T115152 15802.184 15848.332 0.3845666666666754 0.8 0.001216 0dB -105 100ms 1660812762.31 42762.31 15825.375 7.3849 0.102931 -1
20220818T115515 15847.530 15803.221 -0.3692416666666759 0.8 0.001181 0dB -105 100ms 1660812965.94 42965.94 15825.195 7.963 0.0968328 -1
20220818T115654 15801.306 15849.084 0.39815000000000206 0.8 0.001220 0dB -105 100ms 1660813064.55 43064.55 15825.294 7.0549 0.102068 -1
20220818T115833 15846.459 15804.130 -0.3527416666666795 0.8 0.001195 0dB -105 100ms 1660813163.19 43163.19 15825.268 7.5033 0.0981121 -1
20220818T120012 15802.758 15847.778 0.3751666666666703 0.8 0.001218 0dB -105 100ms 1660813262.35 43262.35 15825.443 7.4467 0.104357 -1
20220818T120151 15847.783 15803.103 -0.37233333333333574 0.8 0.001167 0dB -105 100ms 1660813361.11 43361.11 15825.288 7.6307 0.097605 -1
20220818T120329 15802.396 15848.180 0.38153333333333045 0.8 0.001196 0dB -105 100ms 1660813459.54 43459.54 15825.227 7.6818 0.0980951 -1
20220818T120508 15848.272 15802.181 -0.38409166666666955 0.8 0.001219 0dB -105 100ms 1660813558.44 43558.44 15825.289 7.4774 0.1025 -1
20220818T120647 15802.857 15847.721 0.3738666666666631 0.8 0.001189 0dB -105 100ms 1660813657.29 43657.29 15825.254 7.5325 0.0987585 -1
20220818T120826 15847.851 15802.656 -0.3766249999999976 0.8 0.001204 0dB -105 100ms 1660813755.86 43755.86 15825.400 7.2765 0.101951 -1
20220818T121005 15803.571 15847.230 0.36382499999999707 0.8 0.001181 0dB -105 100ms 1660813854.61 43854.61 15825.229 7.7811 0.0981389 -1
20220818T121224 15848.573 15801.886 -0.466869999999999 0.8 0.0005 0dB -105 100ms 1660813986.42 43986.42 15824.825 9.2058 0.0389671 -1
20220818T121346 15797.208 15852.442 0.46028333333332133 0.8 0.000500 0dB -105 100ms 1660814076.22 44076.22 15824.742 9.1115 0.038824 -1
20220818T121525 15852.442 15797.208 -0.46028333333332133 0.8 0.000500 0dB -105 100ms 1660814175.44 44175.44 15824.668 8.4725 0.0381194 -1
20220818T121704 15797.208 15852.442 0.46028333333332133 0.8 0.000500 0dB -105 100ms 1660814274.17 44274.17 15824.932 8.7134 0.0397552 -1
20220818T121843 15852.442 15797.208 -0.46028333333332133 0.8 0.000500 0dB -105 100ms 1660814372.98 44372.98 15824.713 8.0849 0.0400352 -1
20220818T122021 15797.208 15852.442 0.46028333333332133 0.8 0.000500 0dB -105 100ms 1660814471.53 44471.53 15824.786 8.1981 0.0384351 -1
20220818T122200 15852.442 15797.208 -0.46028333333332133 0.8 0.000500 0dB -105 100ms 1660814570.76 44570.76 15824.628 7.9933 0.0391681 -1
20220818T122339 15800.648 15848.608 0.39966666666667455 0.8 0.000526 0dB -105 100ms 1660814669.98 44669.98 15824.994 7.8883 0.0414395 -1
20220818T122518 15848.608 15800.648 -0.39966666666667455 0.8 0.000526 0dB -105 100ms 1660814767.47 44767.47 15824.895 8.0743 0.039916 -1
20220818T122657 15800.648 15848.608 0.39966666666667455 0.8 0.000526 0dB -105 100ms 1660814867.26 44867.26 15824.841 7.9055 0.0403137 -1
20220818T122835 15848.608 15800.648 -0.39966666666667455 0.8 0.000526 0dB -105 100ms 1660814965.40 44965.40 15824.739 7.7617 0.0415419 -1
20220818T123014 15800.648 15848.608 0.39966666666667455 0.8 0.000526 0dB -105 100ms 1660815064.61 45064.61 15824.720 8.4398 0.042227 -1
20220818T123153 15848.608 15800.648 -0.39966666666667455 0.8 0.000526 0dB -105 100ms 1660815162.80 45162.80 15824.862 8.2308 0.0419011 -1
20220818T123332 15800.170 15849.554 0.4115333333333335 0.8 0.000553 0dB -105 100ms 1660815262.47 45262.47 15825.052 7.735 0.0443778 -1
20220818T123511 15849.554 15800.170 -0.4115333333333335 0.8 0.000553 0dB -105 100ms 1660815361.14 45361.14 15824.727 7.9935 0.04302 -1
20220818T123649 15800.170 15849.554 0.4115333333333335 0.8 0.000553 0dB -105 100ms 1660815459.12 45459.12 15824.580 8.9753 0.0423781 -1
20220818T123828 15849.554 15800.170 -0.4115333333333335 0.8 0.000553 0dB -105 100ms 1660815558.58 45558.58 15824.810 9.4182 0.0435708 -1
20220818T124007 15800.170 15849.554 0.4115333333333335 0.8 0.000553 0dB -105 100ms 1660815657.18 45657.18 15824.813 8.1947 0.0431106 -1
20220818T124146 15849.554 15800.170 -0.4115333333333335 0.8 0.000553 0dB -105 100ms 1660815755.93 45755.93 15824.947 7.2496 0.0432215 -1
20220818T124325 15803.199 15846.696 0.3624749999999949 0.8 0.000582 0dB -105 100ms 1660815854.42 45854.42 15824.724 7.7207 0.0440468 -1
20220818T124503 15846.696 15803.199 -0.3624749999999949 0.8 0.000582 0dB -105 100ms 1660815953.58 45953.58 15825.022 7.8806 0.0442479 -1
20220818T124642 15803.199 15846.696 0.3624749999999949 0.8 0.000582 0dB -105 100ms 1660816052.42 46052.42 15824.887 7.8236 0.0465483 -1
20220818T124821 15846.696 15803.199 -0.3624749999999949 0.8 0.000582 0dB -105 100ms 1660816151.61 46151.61 15824.837 8.5206 0.0452589 -1
20220818T125000 15803.199 15846.696 0.3624749999999949 0.8 0.000582 0dB -105 100ms 1660816250.02 46250.02 15824.881 7.4442 0.0463981 -1
20220818T125139 15846.696 15803.199 -0.3624749999999949 0.8 0.000582 0dB -105 100ms 1660816349.19 46349.19 15824.853 7.7665 0.0455179 -1
20220818T125318 15801.553 15848.152 0.3883250000000013 0.8 0.000613 0dB -105 100ms 1660816447.90 46447.90 15824.905 7.6772 0.0475948 -1
20220818T125456 15848.152 15801.553 -0.3883250000000013 0.8 0.000613 0dB -105 100ms 1660816546.61 46546.61 15824.822 8.2707 0.0494864 -1
20220818T125635 15801.553 15848.152 0.3883250000000013 0.8 0.000613 0dB -105 100ms 1660816645.38 46645.38 15824.873 7.8554 0.0463771 -1
20220818T125814 15848.152 15801.553 -0.3883250000000013 0.8 0.000613 0dB -105 100ms 1660816744.84 46744.84 15824.515 8.7416 0.0480124 -1
20220818T125953 15801.553 15848.152 0.3883250000000013 0.8 0.000613 0dB -105 100ms 1660816843.33 46843.33 15825.043 7.6547 0.050174 -1
20220818T130131 15848.152 15801.553 -0.3883250000000013 0.8 0.000613 0dB -105 100ms 1660816941.35 46941.35 15825.045 7.5116 0.0488822 -1
20220818T130310 15802.510 15847.580 0.3755833333333309 0.8 0.000645 0dB -105 100ms 1660817040.49 47040.49 15825.015 7.5963 0.0502812 -1
20220818T130449 15847.580 15802.510 -0.3755833333333309 0.8 0.000645 0dB -105 100ms 1660817139.67 47139.67 15824.902 7.6704 0.0500036 -1
20220818T130628 15802.510 15847.580 0.3755833333333309 0.8 0.000645 0dB -105 100ms 1660817237.90 47237.90 15824.928 7.7838 0.0520376 -1
20220818T130807 15847.580 15802.510 -0.3755833333333309 0.8 0.000645 0dB -105 100ms 1660817336.95 47336.95 15825.051 7.9715 0.0509746 -1
20220818T144806 15778.114 15861.348 1.1890571428571484 0.8 0.003 0dB -105 100ms 1660823319.12 53319.12 15824.118 5.9485 0.315585 -1
20220818T144910 15841.963 15806.273 -0.5098571428571501 0.8 0.001901 0dB -105 100ms 1660823377.95 53377.95 15825.158 6.4307 0.17973 -1
20220818T145008 15805.866 15844.450 0.5512000000000106 0.8 0.002115 0dB -105 100ms 1660823437.34 53437.34 15824.983 6.1901 0.2048 -1
20220818T145106 15843.553 15806.413 -0.5305714285714203 0.8 0.002065 0dB -105 100ms 1660823495.48 53495.48 15825.054 6.2028 0.197987 -1
20220818T145204 15806.445 15843.662 0.5316714285714365 0.8 0.002115 0dB -105 100ms 1660823553.60 53553.60 15825.070 6.3253 0.197787 -1
20220818T145302 15844.046 15806.094 -0.5421714285714447 0.8 0.002115 0dB -105 100ms 1660823611.62 53611.62 15825.063 6.3879 0.196684 -1
20220818T145400 15805.899 15844.226 0.5475285714285877 0.8 0.002115 0dB -105 100ms 1660823669.49 53669.49 15824.974 6.4318 0.195918 -1
20220818T145458 15844.269 15805.679 -0.5512857142857164 0.8 0.002115 0dB -105 100ms 1660823727.56 53727.56 15825.011 6.3583 0.197372 -1
20220818T145556 15805.936 15844.087 0.5450142857142835 0.8 0.002115 0dB -105 100ms 1660823785.59 53785.59 15825.001 6.3802 0.19588 -1
20220818T145654 15844.141 15805.860 -0.5468714285714148 0.8 0.002115 0dB -105 100ms 1660823843.48 53843.48 15825.074 6.4412 0.198081 -1
20220818T145752 15805.751 15844.398 0.552099999999986 0.8 0.002115 0dB -105 100ms 1660823901.43 53901.43 15824.987 6.1733 0.197272 -1
20220818T145850 15843.507 15806.467 -0.5291428571428436 0.8 0.002115 0dB -105 100ms 1660823959.49 53959.49 15825.025 6.1951 0.19766 -1
20220818T145948 15806.439 15843.610 0.5310142857142897 0.8 0.002115 0dB -105 100ms 1660824017.49 54017.49 15825.010 6.2678 0.19478 -1
20220818T150046 15843.814 15806.207 -0.5372428571428567 0.8 0.002115 0dB -105 100ms 1660824075.51 54075.51 15825.003 6.0856 0.19912 -1
20220818T150144 15806.747 15843.260 0.5216142857142976 0.8 0.002115 0dB -105 100ms 1660824133.54 54133.54 15825.024 6.3111 0.196462 -1
20220818T150242 15843.957 15806.091 -0.540942857142857 0.8 0.002115 0dB -105 100ms 1660824191.55 54191.55 15825.003 6.5176 0.196602 -1
20220818T150340 15805.450 15844.555 0.5586428571428509 0.8 0.002115 0dB -105 100ms 1660824249.53 54249.53 15825.008 6.4265 0.19622 -1
20220818T150438 15844.287 15805.729 -0.5508285714285843 0.8 0.002115 0dB -105 100ms 1660824307.55 54307.55 15825.002 6.3135 0.197951 -1
20220818T150624 15806.062 15843.943 0.5411571428571343 0.8 0.000645 0dB -105 100ms 1660824413.43 54413.43 15824.917 7.0933 0.050891 -1
20220818T161737 15846.196 15803.637 -0.3546583333333274 0.8 0.000645 0dB -105 100ms 1660828707.10 58707.10 15825.028 7.4455 0.0530032 -1
20220818T161916 15803.637 15846.196 0.3546583333333274 0.8 0.000645 0dB -105 100ms 1660828806.42 58806.42 15825.028 8.1129 0.0530956 -1
20220818T162055 15846.196 15803.637 -0.3546583333333274 0.8 0.000645 0dB -105 100ms 1660828904.64 58904.64 15825.059 8.3694 0.0532797 -1
20220818T162233 15803.637 15846.196 0.3546583333333274 0.8 0.000645 0dB -105 100ms 1660829004.08 59004.08 15825.041 7.5012 0.0530947 -1
20220818T162412 15846.196 15803.637 -0.3546583333333274 0.8 0.000645 0dB -105 100ms 1660829102.32 59102.32 15825.053 8.0978 0.0526039 -1
20220818T162551 15803.637 15846.196 0.3546583333333274 0.8 0.000645 0dB -105 100ms 1660829201.79 59201.79 15825.060 7.8874 0.0499607 -1
20220818T162730 15848.722 15801.397 -0.3943749999999909 0.8 0.000678 0dB -105 100ms 1660829300.42 59300.42 15824.994 7.9918 0.0544399 -1
20220818T162909 15801.397 15848.722 0.3943749999999909 0.8 0.000678 0dB -105 100ms 1660829399.29 59399.29 15825.152 7.8336 0.0557904 -1
20220818T163048 15848.722 15801.397 -0.3943749999999909 0.8 0.000678 0dB -105 100ms 1660829497.95 59497.95 15825.035 7.7025 0.0536008 -1
20220818T163226 15801.397 15848.722 0.3943749999999909 0.8 0.000678 0dB -105 100ms 1660829596.61 59596.61 15825.034 8.0921 0.0542284 -1
20220818T163405 15848.722 15801.397 -0.3943749999999909 0.8 0.000678 0dB -105 100ms 1660829695.38 59695.38 15825.081 7.8412 0.0548048 -1
20220818T163544 15801.397 15848.722 0.3943749999999909 0.8 0.000678 0dB -105 100ms 1660829794.25 59794.25 15825.055 7.9565 0.054825 -1
20220818T163723 15848.924 15801.185 -0.39782500000001164 0.8 0.000713 0dB -105 100ms 1660829893.08 59893.08 15825.060 8.0063 0.0577915 -1
20220818T163902 15801.185 15848.924 0.39782500000001164 0.8 0.000713 0dB -105 100ms 1660829991.99 59991.99 15825.101 7.9424 0.0573107 -1
20220818T164040 15848.924 15801.185 -0.39782500000001164 0.8 0.000713 0dB -105 100ms 1660830090.69 60090.69 15825.049 7.3278 0.0581286 -1
20220818T164219 15801.185 15848.924 0.39782500000001164 0.8 0.000713 0dB -105 100ms 1660830189.54 60189.54 15825.078 7.8373 0.0572569 -1
20220818T164358 15848.924 15801.185 -0.39782500000001164 0.8 0.000713 0dB -105 100ms 1660830288.23 60288.23 15825.100 7.2113 0.0600413 -1
20220818T164537 15801.185 15848.924 0.39782500000001164 0.8 0.000713 0dB -105 100ms 1660830387.14 60387.14 15825.068 7.7444 0.0603586 -1
20220818T164716 15848.301 15801.835 -0.3872166666666696 0.8 0.000751 0dB -105 100ms 1660830485.85 60485.85 15825.107 7.4143 0.0617225 -1
20220818T164854 15801.835 15848.301 0.3872166666666696 0.8 0.000751 0dB -105 100ms 1660830584.88 60584.88 15825.121 7.9744 0.0614818 -1
20220818T165033 15848.301 15801.835 -0.3872166666666696 0.8 0.000751 0dB -105 100ms 1660830683.39 60683.39 15825.162 7.5619 0.0613575 -1
20220818T165212 15801.835 15848.301 0.3872166666666696 0.8 0.000751 0dB -105 100ms 1660830782.58 60782.58 15825.150 7.9628 0.0608963 -1
20220818T165351 15848.301 15801.835 -0.3872166666666696 0.8 0.000751 0dB -105 100ms 1660830881.23 60881.23 15825.077 7.9941 0.0610311 -1
20220818T165530 15801.835 15848.301 0.3872166666666696 0.8 0.000751 0dB -105 100ms 1660830980.07 60980.07 15825.064 7.474 0.0611959 -1
20220818T165709 15847.486 15802.642 -0.373700000000008 0.8 0.000790 0dB -105 100ms 1660831078.60 61078.60 15825.194 7.5618 0.0650577 -1
20220818T165847 15802.642 15847.486 0.373700000000008 0.8 0.000790 0dB -105 100ms 1660831177.67 61177.67 15825.069 7.8491 0.0647276 -1
20220818T170026 15847.486 15802.642 -0.373700000000008 0.8 0.000790 0dB -105 100ms 1660831276.44 61276.44 15825.071 7.926 0.0640726 -1
20220818T170205 15802.642 15847.486 0.373700000000008 0.8 0.000790 0dB -105 100ms 1660831375.31 61375.31 15825.085 7.7285 0.0672585 -1
20220818T170344 15847.486 15802.642 -0.373700000000008 0.8 0.000790 0dB -105 100ms 1660831474.05 61474.05 15825.074 7.8856 0.0646052 -1
20220818T170523 15802.642 15847.486 0.373700000000008 0.8 0.000790 0dB -105 100ms 1660831572.83 61572.83 15825.036 7.9222 0.0643239 -1
20220818T170701 15848.803 15801.270 -0.39610833333332873 0.8 0.000831 0dB -105 100ms 1660831671.55 61671.55 15825.114 7.5638 0.0673312 -1
20220818T170840 15801.270 15848.803 0.39610833333332873 0.8 0.000831 0dB -105 100ms 1660831770.76 61770.76 15825.162 7.7591 0.0671647 -1
20220818T171019 15848.803 15801.270 -0.39610833333332873 0.8 0.000831 0dB -105 100ms 1660831869.14 61869.14 15825.125 7.7837 0.067978 -1
20220818T171158 15801.270 15848.803 0.39610833333332873 0.8 0.000831 0dB -105 100ms 1660831968.42 61968.42 15825.164 7.405 0.0682785 -1
20220818T171337 15848.803 15801.270 -0.39610833333332873 0.8 0.000831 0dB -105 100ms 1660832066.91 62066.91 15825.056 7.7869 0.0670553 -1
20220818T171515 15801.270 15848.803 0.39610833333332873 0.8 0.000831 0dB -105 100ms 1660832165.88 62165.88 15825.095 7.5397 0.0688923 -1
20220818T171654 15847.714 15802.475 -0.37699166666666317 0.8 0.000874 0dB -105 100ms 1660832264.59 62264.59 15825.097 7.6312 0.0727358 -1
20220818T171833 15802.475 15847.714 0.37699166666666317 0.8 0.000874 0dB -105 100ms 1660832363.50 62363.50 15825.136 7.0053 0.0691633 -1
20220818T172012 15847.714 15802.475 -0.37699166666666317 0.8 0.000874 0dB -105 100ms 1660832462.17 62462.17 15825.136 7.9661 0.0702722 -1
20220818T172151 15802.475 15847.714 0.37699166666666317 0.8 0.000874 0dB -105 100ms 1660832561.24 62561.24 15825.158 7.752 0.0718515 -1
20220818T172330 15847.714 15802.475 -0.37699166666666317 0.8 0.000874 0dB -105 100ms 1660832659.85 62659.85 15825.127 7.5717 0.0708422 -1
20220818T172508 15802.475 15847.714 0.37699166666666317 0.8 0.000874 0dB -105 100ms 1660832758.95 62758.95 15825.188 7.7773 0.0713922 -1
20220818T172647 15848.519 15801.856 -0.3888583333333372 0.8 0.000920 0dB -105 100ms 1660832857.68 62857.68 15825.154 7.6978 0.0766445 -1
20220818T172826 15801.856 15848.519 0.3888583333333372 0.8 0.000920 0dB -105 100ms 1660832956.39 62956.39 15825.169 7.6528 0.0742267 -1
20220818T173005 15848.519 15801.856 -0.3888583333333372 0.8 0.000920 0dB -105 100ms 1660833055.16 63055.16 15825.220 7.3799 0.0749798 -1
20220818T173144 15801.856 15848.519 0.3888583333333372 0.8 0.000920 0dB -105 100ms 1660833154.08 63154.08 15825.204 7.426 0.0768667 -1
20220818T173323 15848.519 15801.856 -0.3888583333333372 0.8 0.000920 0dB -105 100ms 1660833252.78 63252.78 15825.211 7.6297 0.0753889 -1
20220818T173501 15801.856 15848.519 0.3888583333333372 0.8 0.000920 0dB -105 100ms 1660833351.68 63351.68 15825.211 7.6959 0.0766271 -1
20220818T173640 15848.299 15802.124 -0.38479166666667575 0.8 0.000967 0dB -105 100ms 1660833450.58 63450.58 15825.152 7.5665 0.0804818 -1
20220818T173819 15802.124 15848.299 0.38479166666667575 0.8 0.000967 0dB -105 100ms 1660833549.15 63549.15 15825.154 7.3977 0.0795842 -1
20220818T173958 15848.299 15802.124 -0.38479166666667575 0.8 0.000967 0dB -105 100ms 1660833648.20 63648.20 15825.156 7.5549 0.0807279 -1
20220818T174137 15802.124 15848.299 0.38479166666667575 0.8 0.000967 0dB -105 100ms 1660833747.18 63747.18 15825.338 7.4908 0.082528 -1
20220818T174315 15848.299 15802.124 -0.38479166666667575 0.8 0.000967 0dB -105 100ms 1660833845.81 63845.81 15825.174 7.3778 0.0797273 -1
20220818T174454 15802.124 15848.299 0.38479166666667575 0.8 0.000967 0dB -105 100ms 1660833944.53 63944.53 15825.198 7.7945 0.0801549 -1
20220818T174633 15848.582 15801.814 -0.3897333333333336 0.8 0.001018 0dB -105 100ms 1660834043.35 64043.35 15825.226 7.4052 0.0833278 -1
20220818T174812 15801.814 15848.582 0.3897333333333336 0.8 0.001018 0dB -105 100ms 1660834142.20 64142.20 15825.194 7.1461 0.0850624 -1
20220818T174951 15848.582 15801.814 -0.3897333333333336 0.8 0.001018 0dB -105 100ms 1660834240.96 64240.96 15825.217 7.5661 0.0851259 -1
20220818T175130 15801.814 15848.582 0.3897333333333336 0.8 0.001018 0dB -105 100ms 1660834339.97 64339.97 15825.279 7.4735 0.0859665 -1
20220818T175308 15848.582 15801.814 -0.3897333333333336 0.8 0.001018 0dB -105 100ms 1660834438.56 64438.56 15825.222 7.4437 0.0851723 -1
20220818T175447 15801.814 15848.582 0.3897333333333336 0.8 0.001018 0dB -105 100ms 1660834537.42 64537.42 15825.180 7.2298 0.0845531 -1
20220818T175626 15846.869 15803.490 -0.3614916666666735 0.8 0.001071 0dB -105 100ms 1660834636.24 64636.24 15825.204 7.5492 0.0898226 -1
20220818T175805 15803.490 15846.869 0.3614916666666735 0.8 0.001071 0dB -105 100ms 1660834735.20 64735.20 15825.221 7.6211 0.0891601 -1
20220818T175944 15846.869 15803.490 -0.3614916666666735 0.8 0.001071 0dB -105 100ms 1660834833.82 64833.82 15825.220 7.5414 0.0902335 -1
20220818T180122 15803.490 15846.869 0.3614916666666735 0.8 0.001071 0dB -105 100ms 1660834932.89 64932.89 15825.253 7.4885 0.0899315 -1
20220818T180301 15846.869 15803.490 -0.3614916666666735 0.8 0.001071 0dB -105 100ms 1660835031.33 65031.33 15825.273 7.5929 0.0887936 -1
20220818T180440 15803.490 15846.869 0.3614916666666735 0.8 0.001071 0dB -105 100ms 1660835130.38 65130.38 15825.182 7.8496 0.0884194 -1
20220818T180619 15848.731 15801.634 -0.39247499999999796 0.8 0.001127 0dB -105 100ms 1660835229.04 65229.04 15825.270 7.24 0.0947947 -1
20220818T180758 15801.634 15848.731 0.39247499999999796 0.8 0.001127 0dB -105 100ms 1660835328.22 65328.22 15825.258 7.4563 0.0953412 -1
20220818T180937 15848.731 15801.634 -0.39247499999999796 0.8 0.001127 0dB -105 100ms 1660835426.72 65426.72 15825.264 7.5842 0.0939508 -1
20220818T181115 15801.634 15848.731 0.39247499999999796 0.8 0.001127 0dB -105 100ms 1660835525.89 65525.89 15825.263 7.2143 0.0940258 -1
20220818T181254 15848.731 15801.634 -0.39247499999999796 0.8 0.001127 0dB -105 100ms 1660835624.38 65624.38 15825.261 7.3915 0.0967436 -1
20220818T181433 15801.634 15848.731 0.39247499999999796 0.8 0.001127 0dB -105 100ms 1660835723.58 65723.58 15825.281 7.2334 0.0953761 -1
20220818T181612 15846.981 15803.581 -0.36166666666666364 0.8 0.001185 0dB -105 100ms 1660835822.20 65822.20 15825.279 7.3985 0.101192 -1
20220818T181751 15803.581 15846.981 0.36166666666666364 0.8 0.001185 0dB -105 100ms 1660835921.15 65921.15 15825.343 7.1808 0.10054 -1
20220818T181930 15846.981 15803.581 -0.36166666666666364 0.8 0.001185 0dB -105 100ms 1660836019.74 66019.74 15825.315 7.3313 0.100565 -1
20220818T182108 15803.581 15846.981 0.36166666666666364 0.8 0.001185 0dB -105 100ms 1660836118.63 66118.63 15825.278 7.0317 0.100981 -1
20220818T182247 15846.981 15803.581 -0.36166666666666364 0.8 0.001185 0dB -105 100ms 1660836217.34 66217.34 15825.325 7.4984 0.100128 -1
20220818T182426 15803.581 15846.981 0.36166666666666364 0.8 0.001185 0dB -105 100ms 1660836316.42 66316.42 15825.348 7.2238 0.101336 -1
20220818T182605 15847.019 15803.676 -0.36119166666667296 0.8 0.001247 0dB -105 100ms 1660836415.10 66415.10 15825.362 7.3289 0.10669 -1
20220818T182744 15803.676 15847.019 0.36119166666667296 0.8 0.001247 0dB -105 100ms 1660836513.82 66513.82 15825.289 7.439 0.105459 -1
20220818T182922 15847.019 15803.676 -0.36119166666667296 0.8 0.001247 0dB -105 100ms 1660836612.91 66612.91 15825.275 7.2915 0.106805 -1
20220818T183101 15803.676 15847.019 0.36119166666667296 0.8 0.001247 0dB -105 100ms 1660836711.52 66711.52 15825.314 7.3653 0.106514 -1
20220818T183240 15847.019 15803.676 -0.36119166666667296 0.8 0.001247 0dB -105 100ms 1660836810.58 66810.58 15825.281 7.0613 0.106795 -1
20220818T183419 15803.676 15847.019 0.36119166666667296 0.8 0.001247 0dB -105 100ms 1660836909.22 66909.22 15825.326 7.1704 0.106231 -1
20220818T183558 15846.837 15803.814 -0.3585249999999936 0.8 0.001312 0dB -105 100ms 1660837008.10 67008.10 15825.318 7.2557 0.112498 -1
20220818T183737 15803.814 15846.837 0.3585249999999936 0.8 0.001312 0dB -105 100ms 1660837106.73 67106.73 15825.262 7.1449 0.113613 -1
20220818T183915 15846.837 15803.814 -0.3585249999999936 0.8 0.001312 0dB -105 100ms 1660837205.63 67205.63 15825.347 7.1604 0.112853 -1
20220818T184054 15803.814 15846.837 0.3585249999999936 0.8 0.001312 0dB -105 100ms 1660837304.44 67304.44 15825.293 7.0755 0.113189 -1
20220818T184233 15846.837 15803.814 -0.3585249999999936 0.8 0.001312 0dB -105 100ms 1660837403.37 67403.37 15825.321 7.2163 0.112772 -1
20220818T184412 15803.814 15846.837 0.3585249999999936 0.8 0.001312 0dB -105 100ms 1660837502.29 67502.29 15825.367 7.0918 0.112925 -1
20220818T184551 15846.642 15804.091 -0.3545916666666623 0.8 0.001380 0dB -105 100ms 1660837601.08 67601.08 15825.349 7.0198 0.120851 -1
20220818T184730 15804.091 15846.642 0.3545916666666623 0.8 0.001380 0dB -105 100ms 1660837699.80 67699.80 15825.335 7.2055 0.120337 -1
20220818T184908 15846.642 15804.091 -0.3545916666666623 0.8 0.001380 0dB -105 100ms 1660837798.80 67798.80 15825.317 7.1021 0.119516 -1
20220818T185047 15804.091 15846.642 0.3545916666666623 0.8 0.001380 0dB -105 100ms 1660837897.51 67897.51 15825.377 7.0553 0.121082 -1
20220818T185226 15846.642 15804.091 -0.3545916666666623 0.8 0.001380 0dB -105 100ms 1660837996.39 67996.39 15825.327 7.1512 0.120521 -1
20220818T185405 15804.091 15846.642 0.3545916666666623 0.8 0.001380 0dB -105 100ms 1660838095.08 68095.08 15825.338 7.2849 0.120541 -1
20220818T185544 15847.193 15803.484 -0.3642416666666577 0.8 0.001452 0dB -105 100ms 1660838194.05 68194.05 15825.308 7.0128 0.127264 -1
20220818T185722 15803.484 15847.193 0.3642416666666577 0.8 0.001452 0dB -105 100ms 1660838292.83 68292.83 15825.368 6.8789 0.128025 -1
20220818T185901 15847.193 15803.484 -0.3642416666666577 0.8 0.001452 0dB -105 100ms 1660838391.48 68391.48 15825.377 7.0323 0.129259 -1
20220818T190040 15803.484 15847.193 0.3642416666666577 0.8 0.001452 0dB -105 100ms 1660838490.38 68490.38 15825.351 7.0083 0.129023 -1
20220818T190219 15847.193 15803.484 -0.3642416666666577 0.8 0.001452 0dB -105 100ms 1660838589.06 68589.06 15825.373 7.128 0.129576 -1
20220818T190358 15803.484 15847.193 0.3642416666666577 0.8 0.001452 0dB -105 100ms 1660838687.92 68687.92 15825.315 6.9862 0.126557 -1
20220818T190537 15846.274 15804.357 -0.34930833333332884 0.8 0.001528 0dB -105 100ms 1660838786.75 68786.75 15825.343 6.9719 0.136302 -1
20220818T190715 15804.357 15846.274 0.34930833333332884 0.8 0.001528 0dB -105 100ms 1660838885.69 68885.69 15825.348 6.8434 0.135251 -1
20220818T190854 15846.274 15804.357 -0.34930833333332884 0.8 0.001528 0dB -105 100ms 1660838984.43 68984.43 15825.309 6.7622 0.136722 -1
20220818T191033 15804.357 15846.274 0.34930833333332884 0.8 0.001528 0dB -105 100ms 1660839083.28 69083.28 15825.340 6.9242 0.135514 -1
20220818T191212 15846.274 15804.357 -0.34930833333332884 0.8 0.001528 0dB -105 100ms 1660839182.00 69182.00 15825.326 6.9633 0.134968 -1
20220818T191351 15804.357 15846.274 0.34930833333332884 0.8 0.001528 0dB -105 100ms 1660839280.93 69280.93 15825.345 6.9126 0.13655 -1
20220818T191529 15846.083 15804.608 -0.345625000000003 0.8 0.001608 0dB -105 100ms 1660839379.68 69379.68 15825.349 6.7423 0.143167 -1
20220818T191708 15804.608 15846.083 0.345625000000003 0.8 0.001608 0dB -105 100ms 1660839478.46 69478.46 15825.339 6.8054 0.143722 -1
20220818T191847 15846.083 15804.608 -0.345625000000003 0.8 0.001608 0dB -105 100ms 1660839577.23 69577.23 15825.357 6.7322 0.144506 -1
20220818T192026 15804.608 15846.083 0.345625000000003 0.8 0.001608 0dB -105 100ms 1660839676.05 69676.05 15825.350 6.7176 0.142945 -1
20220818T192205 15846.083 15804.608 -0.345625000000003 0.8 0.001608 0dB -105 100ms 1660839774.82 69774.82 15825.355 7.004 0.142703 -1
20220818T192343 15804.608 15846.083 0.345625000000003 0.8 0.001608 0dB -105 100ms 1660839873.69 69873.69 15825.351 6.8725 0.14265 -1
20220818T192522 15845.968 15804.733 -0.34362500000000484 0.8 0.001691 0dB -105 100ms 1660839972.60 69972.60 15825.304 6.7927 0.151852 -1
20220818T192701 15804.733 15845.968 0.34362500000000484 0.8 0.001691 0dB -105 100ms 1660840071.22 70071.22 15825.335 6.7235 0.152394 -1
20220818T192840 15845.968 15804.733 -0.34362500000000484 0.8 0.001691 0dB -105 100ms 1660840170.12 70170.12 15825.317 6.8625 0.15331 -1
20220818T193019 15804.733 15845.968 0.34362500000000484 0.8 0.001691 0dB -105 100ms 1660840268.76 70268.76 15825.312 6.7487 0.154096 -1
20220818T193157 15845.968 15804.733 -0.34362500000000484 0.8 0.001691 0dB -105 100ms 1660840367.74 70367.74 15825.314 6.7849 0.150817 -1
20220818T193336 15804.733 15845.968 0.34362500000000484 0.8 0.001691 0dB -105 100ms 1660840466.45 70466.45 15825.340 6.7606 0.154515 -1
20220818T193515 15845.622 15805.058 -0.3380333333333207 0.8 0.001779 0dB -105 100ms 1660840565.44 70565.44 15825.284 6.7432 0.161394 -1
20220818T193654 15805.058 15845.622 0.3380333333333207 0.8 0.001779 0dB -105 100ms 1660840664.11 70664.11 15825.336 6.7143 0.161078 -1
20220818T193833 15845.622 15805.058 -0.3380333333333207 0.8 0.001779 0dB -105 100ms 1660840762.98 70762.98 15825.310 6.7669 0.164845 -1
20220818T194011 15805.058 15845.622 0.3380333333333207 0.8 0.001779 0dB -105 100ms 1660840861.58 70861.58 15825.286 6.745 0.162911 -1
20220818T194150 15845.622 15805.058 -0.3380333333333207 0.8 0.001779 0dB -105 100ms 1660840960.57 70960.57 15825.312 6.7827 0.162449 -1
20220818T194329 15805.058 15845.622 0.3380333333333207 0.8 0.001779 0dB -105 100ms 1660841059.27 71059.27 15825.329 6.6598 0.162195 -1
20220818T194508 15845.308 15805.349 -0.33299166666667285 0.8 0.001872 0dB -105 100ms 1660841158.30 71158.30 15825.251 6.6251 0.173133 -1
20220818T194647 15805.349 15845.308 0.33299166666667285 0.8 0.001872 0dB -105 100ms 1660841256.72 71256.72 15825.247 6.5163 0.17229 -1
20220818T194825 15845.308 15805.349 -0.33299166666667285 0.8 0.001872 0dB -105 100ms 1660841355.94 71355.94 15825.250 6.7179 0.171685 -1
20220818T195004 15805.349 15845.308 0.33299166666667285 0.8 0.001872 0dB -105 100ms 1660841454.51 71454.51 15825.295 6.6141 0.171326 -1
20220818T195143 15845.308 15805.349 -0.33299166666667285 0.8 0.001872 0dB -105 100ms 1660841553.57 71553.57 15825.257 6.7786 0.172305 -1
20220818T195322 15805.349 15845.308 0.33299166666667285 0.8 0.001872 0dB -105 100ms 1660841652.04 71652.04 15825.254 6.6792 0.170834 -1
20220818T195501 15845.292 15805.217 -0.33395833333332425 0.8 0.001970 0dB -105 100ms 1660841751.20 71751.20 15825.190 6.5857 0.183543 -1
20220818T195640 15805.217 15845.292 0.33395833333332425 0.8 0.001970 0dB -105 100ms 1660841849.72 71849.72 15825.204 6.4465 0.182534 -1
20220818T195818 15845.292 15805.217 -0.33395833333332425 0.8 0.001970 0dB -105 100ms 1660841948.73 71948.73 15825.216 6.4577 0.182962 -1
20220818T195957 15805.217 15845.292 0.33395833333332425 0.8 0.001970 0dB -105 100ms 1660842047.35 72047.35 15825.209 6.561 0.183735 -1
20220818T200136 15845.292 15805.217 -0.33395833333332425 0.8 0.001970 0dB -105 100ms 1660842146.26 72146.26 15825.266 6.5595 0.183064 -1
20220818T200315 15805.217 15845.292 0.33395833333332425 0.8 0.001970 0dB -105 100ms 1660842245.16 72245.16 15825.262 6.5445 0.184818 -1
20220818T200454 15844.896 15805.629 -0.32722499999999854 0.8 0.002072 0dB -105 100ms 1660842344.17 72344.17 15825.187 6.5169 0.198485 -1
20220818T200633 15805.629 15844.896 0.32722499999999854 0.8 0.002072 0dB -105 100ms 1660842442.70 72442.70 15825.230 6.4456 0.197834 -1
20220818T200811 15844.896 15805.629 -0.32722499999999854 0.8 0.002072 0dB -105 100ms 1660842541.74 72541.74 15825.185 6.5008 0.199024 -1
20220818T200950 15805.629 15844.896 0.32722499999999854 0.8 0.002072 0dB -105 100ms 1660842640.17 72640.17 15825.192 6.4285 0.196336 -1
20220818T201129 15844.896 15805.629 -0.32722499999999854 0.8 0.002072 0dB -105 100ms 1660842739.32 72739.32 15825.205 6.3228 0.197609 -1
20220818T201308 15805.629 15844.896 0.32722499999999854 0.8 0.002072 0dB -105 100ms 1660842837.87 72837.87 15825.213 6.4239 0.195935 -1
20220818T201447 15844.485 15805.941 -0.32119999999999893 0.8 0.002180 0dB -105 100ms 1660842937.02 72937.02 15825.136 6.328 0.208193 -1
20220818T201625 15805.941 15844.485 0.32119999999999893 0.8 0.002180 0dB -105 100ms 1660843035.43 73035.43 15825.134 6.3002 0.207273 -1
20220818T201804 15844.485 15805.941 -0.32119999999999893 0.8 0.002180 0dB -105 100ms 1660843134.65 73134.65 15825.134 6.38 0.208083 -1
20220818T201943 15805.941 15844.485 0.32119999999999893 0.8 0.002180 0dB -105 100ms 1660843233.10 73233.10 15825.145 6.3131 0.208756 -1
20220818T202122 15844.485 15805.941 -0.32119999999999893 0.8 0.002180 0dB -105 100ms 1660843332.35 73332.35 15825.111 6.402 0.208007 -1
20220818T202301 15805.941 15844.485 0.32119999999999893 0.8 0.002180 0dB -105 100ms 1660843430.74 73430.74 15825.147 6.3276 0.206458 -1
20220818T202439 15844.130 15806.165 -0.31637499999998603 0.8 0.002294 0dB -105 100ms 1660843530.02 73530.02 15825.030 6.3487 0.221549 -1
20220818T202618 15806.165 15844.130 0.31637499999998603 0.8 0.002294 0dB -105 100ms 1660843628.29 73628.29 15825.058 6.2165 0.221914 -1
20220818T202757 15844.130 15806.165 -0.31637499999998603 0.8 0.002294 0dB -105 100ms 1660843727.62 73727.62 15825.032 6.3411 0.220497 -1
20220818T202936 15806.165 15844.130 0.31637499999998603 0.8 0.002294 0dB -105 100ms 1660843825.85 73825.85 15825.051 6.3151 0.220501 -1
20220818T203115 15844.130 15806.165 -0.31637499999998603 0.8 0.002294 0dB -105 100ms 1660843925.12 73925.12 15825.054 6.3572 0.219922 -1
20220818T203253 15806.165 15844.130 0.31637499999998603 0.8 0.002294 0dB -105 100ms 1660844023.44 74023.44 15825.050 6.2832 0.218877 -1
20220818T203432 15843.899 15806.200 -0.31415833333332255 0.8 0.002413 0dB -105 100ms 1660844122.83 74122.83 15824.933 6.2469 0.235343 -1
20220818T203611 15806.200 15843.899 0.31415833333332255 0.8 0.002413 0dB -105 100ms 1660844221.14 74221.14 15824.967 6.1755 0.235086 -1
20220818T203750 15843.899 15806.200 -0.31415833333332255 0.8 0.002413 0dB -105 100ms 1660844320.46 74320.46 15824.938 6.2119 0.234725 -1
20220818T203929 15806.200 15843.899 0.31415833333332255 0.8 0.002413 0dB -105 100ms 1660844418.76 74418.76 15824.968 6.2885 0.232547 -1
20220818T204107 15843.899 15806.200 -0.31415833333332255 0.8 0.002413 0dB -105 100ms 1660844518.03 74518.03 15824.947 6.2171 0.235093 -1
20220818T204246 15806.200 15843.899 0.31415833333332255 0.8 0.002413 0dB -105 100ms 1660844616.35 74616.35 15824.957 6.289 0.233225 -1
20220818T204425 15843.824 15806.090 -0.31445000000000317 0.8 0.002539 0dB -105 100ms 1660844715.77 74715.77 15824.819 6.2755 0.248906 -1
20220818T204604 15806.090 15843.824 0.31445000000000317 0.8 0.002539 0dB -105 100ms 1660844813.86 74813.86 15824.817 6.2054 0.248123 -1
20220818T204743 15843.824 15806.090 -0.31445000000000317 0.8 0.002539 0dB -105 100ms 1660844913.38 74913.38 15824.815 6.1966 0.246914 -1
20220818T204922 15806.090 15843.824 0.31445000000000317 0.8 0.002539 0dB -105 100ms 1660845011.54 75011.54 15824.846 6.2741 0.247975 -1
20220818T205100 15843.824 15806.090 -0.31445000000000317 0.8 0.002539 0dB -105 100ms 1660845111.03 75111.03 15824.812 6.071 0.247727 -1
20220818T205239 15806.090 15843.824 0.31445000000000317 0.8 0.002539 0dB -105 100ms 1660845209.19 75209.19 15824.845 6.1673 0.248445 -1
20220818T205418 15843.347 15806.343 -0.3083666666666583 0.8 0.002671 0dB -105 100ms 1660845308.71 75308.71 15824.707 6.1026 0.262893 -1
20220818T205557 15806.343 15843.347 0.3083666666666583 0.8 0.002671 0dB -105 100ms 1660845406.83 75406.83 15824.709 6.0958 0.26168 -1
20220818T205736 15843.347 15806.343 -0.3083666666666583 0.8 0.002671 0dB -105 100ms 1660845506.35 75506.35 15824.713 6.1711 0.262825 -1
20220818T205915 15806.343 15843.347 0.3083666666666583 0.8 0.002671 0dB -105 100ms 1660845604.45 75604.45 15824.709 6.03 0.262626 -1
20220818T210053 15843.347 15806.343 -0.3083666666666583 0.8 0.002671 0dB -105 100ms 1660845703.90 75703.90 15824.724 6.1017 0.265059 -1
20220818T210232 15806.343 15843.347 0.3083666666666583 0.8 0.002671 0dB -105 100ms 1660845802.06 75802.06 15824.723 6.0558 0.262693 -1
20220818T210411 15842.890 15806.555 -0.3027916666666594 0.8 0.002810 0dB -105 100ms 1660845901.73 75901.73 15824.532 6.1146 0.276864 -1
20220818T210550 15806.555 15842.890 0.3027916666666594 0.8 0.002810 0dB -105 100ms 1660845999.60 75999.60 15824.562 6.0697 0.276632 -1
20220818T210729 15842.890 15806.555 -0.3027916666666594 0.8 0.002810 0dB -105 100ms 1660846099.29 76099.29 15824.550 6.0623 0.277442 -1
20220818T210907 15806.555 15842.890 0.3027916666666594 0.8 0.002810 0dB -105 100ms 1660846197.22 76197.22 15824.570 6.0784 0.27786 -1
20220818T211046 15842.890 15806.555 -0.3027916666666594 0.8 0.002810 0dB -105 100ms 1660846296.90 76296.90 15824.558 6.0716 0.278682 -1
20220818T211225 15806.555 15842.890 0.3027916666666594 0.8 0.002810 0dB -105 100ms 1660846394.88 76394.88 15824.575 6.0332 0.276796 -1
20220818T211404 15842.675 15806.475 -0.3016666666666576 0.8 0.002956 0dB -105 100ms 1660846494.85 76494.85 15824.293 6.0951 0.295545 -1
20220818T211543 15806.475 15842.675 0.3016666666666576 0.8 0.002956 0dB -105 100ms 1660846592.22 76592.22 15824.319 6.0022 0.297782 -1
20220818T211721 15842.675 15806.475 -0.3016666666666576 0.8 0.002956 0dB -105 100ms 1660846692.50 76692.50 15824.298 6.0021 0.297131 -1
20220818T211900 15806.475 15842.675 0.3016666666666576 0.8 0.002956 0dB -105 100ms 1660846789.85 76789.85 15824.309 5.9245 0.295285 -1
20220818T212039 15842.675 15806.475 -0.3016666666666576 0.8 0.002956 0dB -105 100ms 1660846890.12 76890.12 15824.309 6.03 0.297483 -1
20220818T212218 15806.475 15842.675 0.3016666666666576 0.8 0.002956 0dB -105 100ms 1660846987.66 76987.66 15824.333 5.9998 0.297098 -1
20220818T212357 15842.332 15806.333 -0.299991666666665 0.8 0.003110 0dB -105 100ms 1660847087.63 77087.63 15824.163 5.965 0.313051 -1
20220818T212536 15806.333 15842.332 0.299991666666665 0.8 0.003110 0dB -105 100ms 1660847185.53 77185.53 15824.161 5.8616 0.312791 -1
20220818T212715 15842.332 15806.333 -0.299991666666665 0.8 0.003110 0dB -105 100ms 1660847285.31 77285.31 15824.160 5.8961 0.314067 -1
20220818T212853 15806.333 15842.332 0.299991666666665 0.8 0.003110 0dB -105 100ms 1660847383.30 77383.30 15824.186 5.9184 0.312592 -1
20220818T213032 15842.332 15806.333 -0.299991666666665 0.8 0.003110 0dB -105 100ms 1660847482.97 77482.97 15824.170 5.9589 0.314449 -1
20220818T213211 15806.333 15842.332 0.299991666666665 0.8 0.003110 0dB -105 100ms 1660847580.99 77580.99 15824.190 5.9122 0.311368 -1
20220818T213350 15841.927 15806.453 -0.295616666666668 0.8 0.003272 0dB -105 100ms 1660847681.11 77681.11 15823.868 5.8746 0.331293 -1
20220818T213529 15806.453 15841.927 0.295616666666668 0.8 0.003272 0dB -105 100ms 1660847778.32 77778.32 15823.921 5.8079 0.329526 -1
20220818T213708 15841.927 15806.453 -0.295616666666668 0.8 0.003272 0dB -105 100ms 1660847878.78 77878.78 15823.874 5.8639 0.331214 -1
20220818T213846 15806.453 15841.927 0.295616666666668 0.8 0.003272 0dB -105 100ms 1660847976.00 77976.00 15823.920 5.7615 0.330886 -1
20220818T214025 15841.927 15806.453 -0.295616666666668 0.8 0.003272 0dB -105 100ms 1660848076.48 78076.48 15823.866 5.7657 0.332448 -1
20220818T214204 15806.453 15841.927 0.295616666666668 0.8 0.003272 0dB -105 100ms 1660848173.72 78173.72 15823.928 5.7722 0.329271 -1
20220818T214343 15841.245 15806.612 -0.2886083333333469 0.8 0.003443 0dB -105 100ms 1660848274.30 78274.30 15823.594 5.8896 0.348698 -1
20220818T214522 15806.612 15841.245 0.2886083333333469 0.8 0.003443 0dB -105 100ms 1660848371.49 78371.49 15823.673 5.7976 0.345797 -1
20220818T214701 15841.245 15806.612 -0.2886083333333469 0.8 0.003443 0dB -105 100ms 1660848472.00 78472.00 15823.594 5.8519 0.348243 -1
20220818T214840 15806.612 15841.245 0.2886083333333469 0.8 0.003443 0dB -105 100ms 1660848569.12 78569.12 15823.657 5.7588 0.346832 -1
20220818T215018 15841.245 15806.612 -0.2886083333333469 0.8 0.003443 0dB -105 100ms 1660848669.65 78669.65 15823.599 5.8161 0.349454 -1
20220818T215157 15806.612 15841.245 0.2886083333333469 0.8 0.003443 0dB -105 100ms 1660848766.81 78766.81 15823.664 5.7784 0.345342 -1
20220818T215336 15840.999 15806.329 -0.28891666666666727 0.8 0.003622 0dB -105 100ms 1660848867.46 78867.46 15823.289 5.8808 0.365669 -1
20220818T215515 15806.329 15840.999 0.28891666666666727 0.8 0.003622 0dB -105 100ms 1660848964.48 78964.48 15823.389 5.7953 0.362714 -1
20220818T215654 15840.999 15806.329 -0.28891666666666727 0.8 0.003622 0dB -105 100ms 1660849065.12 79065.12 15823.301 5.9044 0.364047 -1
20220818T215833 15806.329 15840.999 0.28891666666666727 0.8 0.003622 0dB -105 100ms 1660849162.14 79162.14 15823.393 5.773 0.362452 -1
20220818T220011 15840.999 15806.329 -0.28891666666666727 0.8 0.003622 0dB -105 100ms 1660849262.76 79262.76 15823.295 5.8979 0.365226 -1
20220818T220150 15806.329 15840.999 0.28891666666666727 0.8 0.003622 0dB -105 100ms 1660849359.81 79359.81 15823.404 5.7744 0.363702 -1
20220818T220329 15840.727 15806.081 -0.288716666666672 0.8 0.003811 0dB -105 100ms 1660849461.00 79461.00 15822.833 5.9521 0.381494 -1
20220818T220508 15806.081 15840.727 0.288716666666672 0.8 0.003811 0dB -105 100ms 1660849557.24 79557.24 15823.061 5.7331 0.381871 -1
20220818T220647 15840.727 15806.081 -0.288716666666672 0.8 0.003811 0dB -105 100ms 1660849658.58 79658.58 15822.864 6.0539 0.38153 -1
20220818T220826 15806.081 15840.727 0.288716666666672 0.8 0.003811 0dB -105 100ms 1660849754.95 79754.95 15823.062 5.7863 0.38081 -1
20220818T221004 15840.727 15806.081 -0.288716666666672 0.8 0.003811 0dB -105 100ms 1660849856.34 79856.34 15822.853 6.042 0.382067 -1
20220818T221143 15806.081 15840.727 0.288716666666672 0.8 0.003811 0dB -105 100ms 1660849952.74 79952.74 15823.080 5.7585 0.379899 -1
20220818T221322 15840.356 15805.804 -0.28793333333333065 0.8 0.004009 0dB -105 100ms 1660850054.47 80054.47 15822.385 6.2531 0.397273 -1
20220818T221501 15805.804 15840.356 0.28793333333333065 0.8 0.004009 0dB -105 100ms 1660850150.42 80150.42 15822.758 5.8478 0.394869 -1
20220818T221640 15840.356 15805.804 -0.28793333333333065 0.8 0.004009 0dB -105 100ms 1660850252.17 80252.17 15822.388 6.2327 0.397189 -1
20220818T221819 15805.804 15840.356 0.28793333333333065 0.8 0.004009 0dB -105 100ms 1660850348.16 80348.16 15822.753 5.7991 0.39425 -1
20220818T221958 15840.356 15805.804 -0.28793333333333065 0.8 0.004009 0dB -105 100ms 1660850449.89 80449.89 15822.389 6.2347 0.395802 -1
20220818T222136 15805.804 15840.356 0.28793333333333065 0.8 0.004009 0dB -105 100ms 1660850545.80 80545.80 15822.737 5.7986 0.394482 -1
20220818T222315 15840.133 15805.342 -0.2899249999999938 0.8 0.004218 0dB -105 100ms 1660850647.91 80647.91 15821.923 6.3996 0.409904 -1
20220818T222454 15805.342 15840.133 0.2899249999999938 0.8 0.004218 0dB -105 100ms 1660850743.76 80743.76 15822.482 5.9262 0.405542 -1
20220818T222633 15840.133 15805.342 -0.2899249999999938 0.8 0.004218 0dB -105 100ms 1660850845.72 80845.72 15821.894 6.4235 0.409337 -1
20220818T222812 15805.342 15840.133 0.2899249999999938 0.8 0.004218 0dB -105 100ms 1660850941.50 80941.50 15822.494 5.9583 0.406044 -1
20220818T222951 15840.133 15805.342 -0.2899249999999938 0.8 0.004218 0dB -105 100ms 1660851043.31 81043.31 15821.916 6.4323 0.409994 -1
20220818T223130 15805.342 15840.133 0.2899249999999938 0.8 0.004218 0dB -105 100ms 1660851139.11 81139.11 15822.485 5.9388 0.403551 -1
20220818T223308 15840.301 15804.668 -0.2969416666666651 0.8 0.004438 0dB -105 100ms 1660851241.59 81241.59 15821.419 6.5827 0.423516 -1
20220818T223447 15804.668 15840.301 0.2969416666666651 0.8 0.004438 0dB -105 100ms 1660851336.64 81336.64 15822.176 5.9432 0.417665 -1
20220818T223626 15840.301 15804.668 -0.2969416666666651 0.8 0.004438 0dB -105 100ms 1660851439.29 81439.29 15821.386 6.4904 0.422028 -1
20220818T223805 15804.668 15840.301 0.2969416666666651 0.8 0.004438 0dB -105 100ms 1660851534.26 81534.26 15822.175 6.009 0.417804 -1
20220818T223944 15840.301 15804.668 -0.2969416666666651 0.8 0.004438 0dB -105 100ms 1660851636.93 81636.93 15821.412 6.638 0.424035 -1
20220818T224123 15804.668 15840.301 0.2969416666666651 0.8 0.004438 0dB -105 100ms 1660851732.00 81732.00 15822.169 5.9696 0.419072 -1
20220818T224301 15840.078 15804.260 -0.2984833333333275 0.8 0.004669 0dB -105 100ms 1660851835.07 81835.07 15820.942 6.6396 0.439976 -1
20220818T224440 15804.260 15840.078 0.2984833333333275 0.8 0.004669 0dB -105 100ms 1660851929.68 81929.68 15821.853 6.097 0.431568 -1
20220818T224619 15840.078 15804.260 -0.2984833333333275 0.8 0.004669 0dB -105 100ms 1660852032.69 82032.69 15820.954 6.6694 0.437912 -1
20220818T224758 15804.260 15840.078 0.2984833333333275 0.8 0.004669 0dB -105 100ms 1660852127.33 82127.33 15821.845 6.0242 0.431196 -1
20220818T224937 15840.078 15804.260 -0.2984833333333275 0.8 0.004669 0dB -105 100ms 1660852230.42 82230.42 15820.936 6.651 0.441474 -1
20220818T225116 15804.260 15840.078 0.2984833333333275 0.8 0.004669 0dB -105 100ms 1660852325.03 82325.03 15821.843 6.0476 0.432118 -1
20220818T225255 15839.986 15803.700 -0.30238333333333384 0.8 0.004912 0dB -105 100ms 1660852428.20 82428.20 15820.588 6.8823 0.450513 -1
20220818T225433 15803.700 15839.986 0.30238333333333384 0.8 0.004912 0dB -105 100ms 1660852522.89 82522.89 15821.550 6.1329 0.442422 -1
20220818T225612 15839.986 15803.700 -0.30238333333333384 0.8 0.004912 0dB -105 100ms 1660852625.90 82625.90 15820.595 6.8193 0.451648 -1
20220818T225751 15803.700 15839.986 0.30238333333333384 0.8 0.004912 0dB -105 100ms 1660852720.59 82720.59 15821.552 6.1114 0.440466 -1
20220818T225930 15839.986 15803.700 -0.30238333333333384 0.8 0.004912 0dB -105 100ms 1660852823.62 82823.62 15820.591 6.8354 0.451434 -1
20220818T230109 15803.700 15839.986 0.30238333333333384 0.8 0.004912 0dB -105 100ms 1660852918.37 82918.37 15821.563 6.1624 0.444455 -1
20220818T230248 15840.051 15803.076 -0.30812500000000304 0.8 0.005168 0dB -105 100ms 1660853021.67 83021.67 15820.177 7.0191 0.463604 -1
20220818T230427 15803.076 15840.051 0.30812500000000304 0.8 0.005168 0dB -105 100ms 1660853115.95 83115.95 15821.229 6.237 0.454989 -1
20220818T230605 15840.051 15803.076 -0.30812500000000304 0.8 0.005168 0dB -105 100ms 1660853219.31 83219.31 15820.194 7.0645 0.464142 -1
20220818T230744 15803.076 15840.051 0.30812500000000304 0.8 0.005168 0dB -105 100ms 1660853313.71 83313.71 15821.260 6.2489 0.456091 -1
20220818T230923 15840.051 15803.076 -0.30812500000000304 0.8 0.005168 0dB -105 100ms 1660853416.86 83416.86 15820.229 7.1692 0.46501 -1
20220818T231102 15803.076 15840.051 0.30812500000000304 0.8 0.005168 0dB -105 100ms 1660853511.32 83511.32 15821.234 6.2281 0.456099 -1
20220818T231241 15839.919 15802.550 -0.3114083333333383 0.8 0.005437 0dB -105 100ms 1660853614.65 83614.65 15819.862 7.3667 0.480501 -1
20220818T231420 15802.550 15839.919 0.3114083333333383 0.8 0.005437 0dB -105 100ms 1660853709.14 83709.14 15820.946 6.3999 0.467832 -1
20220818T231558 15839.919 15802.550 -0.3114083333333383 0.8 0.005437 0dB -105 100ms 1660853812.35 83812.35 15819.860 7.2658 0.475651 -1
20220818T231737 15802.550 15839.919 0.3114083333333383 0.8 0.005437 0dB -105 100ms 1660853906.87 83906.87 15820.958 6.4161 0.467631 -1
20220818T231916 15839.919 15802.550 -0.3114083333333383 0.8 0.005437 0dB -105 100ms 1660854009.99 84009.99 15819.874 7.3548 0.479498 -1
20220818T232055 15802.550 15839.919 0.3114083333333383 0.8 0.005437 0dB -105 100ms 1660854104.59 84104.59 15820.976 6.5008 0.468363 -1
20220818T232234 15840.478 15801.474 -0.32503333333332496 0.8 0.005721 0dB -105 100ms 1660854207.68 84207.68 15819.547 7.5723 0.495255 -1
20220818T232413 15801.474 15840.478 0.32503333333332496 0.8 0.005721 0dB -105 100ms 1660854302.30 84302.30 15820.728 6.6006 0.481774 -1
20220818T232551 15840.478 15801.474 -0.32503333333332496 0.8 0.005721 0dB -105 100ms 1660854405.37 84405.37 15819.535 7.5957 0.495282 -1
20220818T232730 15801.474 15840.478 0.32503333333332496 0.8 0.005721 0dB -105 100ms 1660854499.92 84499.92 15820.716 6.682 0.480735 -1
20220818T232909 15840.478 15801.474 -0.32503333333332496 0.8 0.005721 0dB -105 100ms 1660854603.01 84603.01 15819.545 7.5763 0.495292 -1
20220818T233048 15801.474 15840.478 0.32503333333332496 0.8 0.005721 0dB -105 100ms 1660854697.71 84697.71 15820.739 6.6936 0.482165 -1
20220818T233227 15840.819 15800.658 -0.3346750000000005 0.8 0.006018 0dB -105 100ms 1660854800.74 84800.74 15819.270 7.9651 0.509121 -1
20220818T233406 15800.658 15840.819 0.3346750000000005 0.8 0.006018 0dB -105 100ms 1660854895.36 84895.36 15820.481 6.941 0.494532 -1
20220818T233545 15840.819 15800.658 -0.3346750000000005 0.8 0.006018 0dB -105 100ms 1660854998.40 84998.40 15819.268 7.9357 0.508671 -1
20220818T233723 15800.658 15840.819 0.3346750000000005 0.8 0.006018 0dB -105 100ms 1660855092.98 85092.98 15820.469 6.8332 0.495462 -1
20220818T233902 15840.819 15800.658 -0.3346750000000005 0.8 0.006018 0dB -105 100ms 1660855196.04 85196.04 15819.269 7.9316 0.509508 -1
20220818T234041 15800.658 15840.819 0.3346750000000005 0.8 0.006018 0dB -105 100ms 1660855290.63 85290.63 15820.473 6.9217 0.495412 -1
20220818T234220 15841.238 15799.708 -0.34608333333332364 0.8 0.006332 0dB -105 100ms 1660855393.61 85393.61 15818.997 8.3332 0.522107 -1
20220818T234359 15799.708 15841.238 0.34608333333332364 0.8 0.006332 0dB -105 100ms 1660855488.30 85488.30 15820.185 7.1522 0.511325 -1
20220818T234538 15841.238 15799.708 -0.34608333333332364 0.8 0.006332 0dB -105 100ms 1660855591.28 85591.28 15818.996 8.3434 0.521196 -1
20220818T234716 15799.708 15841.238 0.34608333333332364 0.8 0.006332 0dB -105 100ms 1660855685.93 85685.93 15820.186 7.0974 0.510766 -1
20220818T234855 15841.238 15799.708 -0.34608333333332364 0.8 0.006332 0dB -105 100ms 1660855788.91 85788.91 15818.993 8.346 0.522996 -1
20220818T235034 15799.708 15841.238 0.34608333333332364 0.8 0.006332 0dB -105 100ms 1660855883.57 85883.57 15820.191 7.1299 0.509489 -1
20220818T235213 15841.580 15798.801 -0.3564916666666704 0.8 0.006662 0dB -105 100ms 1660855986.48 85986.48 15818.699 8.738 0.537432 -1
20220818T235352 15798.801 15841.580 0.3564916666666704 0.8 0.006662 0dB -105 100ms 1660856081.16 86081.16 15819.870 7.4931 0.520837 -1
20220818T235530 15841.580 15798.801 -0.3564916666666704 0.8 0.006662 0dB -105 100ms 1660856184.15 86184.15 15818.692 8.7104 0.536263 -1
20220818T235709 15798.801 15841.580 0.3564916666666704 0.8 0.006662 0dB -105 100ms 1660856278.82 86278.82 15819.870 7.5006 0.522022 -1
20220818T235848 15841.580 15798.801 -0.3564916666666704 0.8 0.006662 0dB -105 100ms 1660856381.80 86381.80 15818.698 8.7418 0.536745 -1
