# Sweep from 15806.090Hz to 15843.824Hz step 0.31445000000000317Hz delay 0.8s
# Excitation 0.002539Vpp attenuator 0 dB
# time(s), freq(Hz), absorption(nA), dispersion(nA)
74765.27 15806.090 2.83392 -0.39080419
74766.09 15806.404 2.8325578 -0.39780687
74766.90 15806.719 2.8287263 -0.39560268
74767.72 15807.033 2.834656 -0.393797
74768.53 15807.348 2.8324148 -0.39182333
74769.35 15807.662 2.8325755 -0.3945859
74770.16 15807.977 2.8298421 -0.39591242
74770.98 15808.291 2.8386191 -0.39663462
74771.80 15808.606 2.8275388 -0.39393174
74772.62 15808.920 2.8339803 -0.39870986
74773.43 15809.235 2.8393933 -0.40375804
74774.25 15809.549 2.8367072 -0.3953549
74775.06 15809.863 2.8336951 -0.4044164
74775.88 15810.178 2.8319564 -0.40521175
74776.69 15810.492 2.8328343 -0.40502948
74777.51 15810.807 2.8405998 -0.40106343
74778.32 15811.121 2.8406153 -0.40147899
74779.14 15811.436 2.8336433 -0.40772201
74779.95 15811.750 2.8385134 -0.40255281
74780.77 15812.065 2.8406073 -0.40405047
74781.58 15812.379 2.8405041 -0.41031231
74782.40 15812.693 2.8430734 -0.41183074
74783.21 15813.008 2.8367358 -0.41743553
74784.03 15813.322 2.8412778 -0.41560352
74784.84 15813.637 2.8430663 -0.41543859
74785.66 15813.951 2.8462405 -0.41801329
74786.48 15814.266 2.8428769 -0.41745574
74787.30 15814.580 2.8446852 -0.42320829
74788.11 15814.895 2.8433676 -0.41969915
74788.93 15815.209 2.8498894 -0.42183333
74789.75 15815.523 2.8498171 -0.4296767
74790.57 15815.838 2.8460513 -0.42575624
74791.38 15816.152 2.853541 -0.42213563
74792.20 15816.467 2.8568661 -0.43401289
74793.01 15816.781 2.8533923 -0.43237927
74793.83 15817.096 2.8632885 -0.42872531
74794.64 15817.410 2.8632835 -0.43454565
74795.46 15817.725 2.867579 -0.43955436
74796.27 15818.039 2.8639315 -0.43674669
74797.09 15818.354 2.873016 -0.44577763
74797.91 15818.668 2.8742043 -0.44650892
74798.72 15818.982 2.8777513 -0.44714508
74799.53 15819.297 2.8838699 -0.45298231
74800.35 15819.611 2.879249 -0.4567263
74801.16 15819.926 2.8892703 -0.45296403
74801.98 15820.240 2.8910356 -0.45676722
74802.79 15820.555 2.9004029 -0.46582178
74803.61 15820.869 2.9124415 -0.46949125
74804.43 15821.184 2.9186135 -0.47080619
74805.24 15821.498 2.9245996 -0.47629163
74806.06 15821.812 2.9389043 -0.47617982
74806.87 15822.127 2.9569637 -0.47315152
74807.69 15822.441 2.9738762 -0.46814381
74808.50 15822.756 2.9990351 -0.46713299
74809.32 15823.070 3.0234623 -0.4525136
74810.14 15823.385 3.0476865 -0.43784163
74810.95 15823.699 3.069817 -0.41959379
74811.77 15824.014 3.0736096 -0.38796969
74812.58 15824.328 3.0882882 -0.36304897
74813.40 15824.643 3.0826798 -0.33980101
74814.22 15824.957 3.0836613 -0.31196981
74815.03 15825.271 3.0650847 -0.29199862
74815.85 15825.586 3.0571769 -0.2759883
74816.67 15825.900 3.0465551 -0.26163488
74817.48 15826.215 3.0361648 -0.25627111
74818.30 15826.529 3.0232325 -0.24758955
74819.11 15826.844 3.0051251 -0.23871237
74819.93 15827.158 2.9933703 -0.23414805
74820.75 15827.473 2.9832809 -0.22527561
74821.57 15827.787 2.9715691 -0.2299264
74822.38 15828.102 2.9608068 -0.23026372
74823.20 15828.416 2.9538623 -0.22603039
74824.01 15828.730 2.9471971 -0.22711295
74824.83 15829.045 2.9389564 -0.22429688
74825.65 15829.359 2.9236367 -0.22729499
74826.46 15829.674 2.9160078 -0.23576156
74827.28 15829.988 2.9079151 -0.23391198
74828.09 15830.303 2.9053053 -0.23647672
74828.91 15830.617 2.8989934 -0.23995688
74829.72 15830.932 2.8928985 -0.24235177
74830.54 15831.246 2.8832631 -0.24971598
74831.35 15831.560 2.8846523 -0.24900768
74832.17 15831.875 2.8812472 -0.25831918
74832.98 15832.189 2.8690145 -0.2508587
74833.80 15832.504 2.8749516 -0.25685802
74834.61 15832.818 2.87342 -0.25654089
74835.43 15833.133 2.8660484 -0.26330727
74836.25 15833.447 2.8683191 -0.26693507
74837.06 15833.762 2.8565382 -0.26432215
74837.88 15834.076 2.8571462 -0.26451809
74838.69 15834.391 2.8633738 -0.27268672
74839.51 15834.705 2.8604723 -0.27827539
74840.33 15835.019 2.8507432 -0.27618003
74841.14 15835.334 2.8507939 -0.27701643
74841.95 15835.648 2.8506631 -0.27408601
74842.77 15835.963 2.8468371 -0.28052108
74843.59 15836.277 2.8472593 -0.27785052
74844.40 15836.592 2.8475899 -0.28486355
74845.22 15836.906 2.8414477 -0.28851332
74846.04 15837.221 2.83911 -0.28390994
74846.85 15837.535 2.8433722 -0.28858716
74847.67 15837.849 2.8417619 -0.28681839
74848.49 15838.164 2.841459 -0.29163465
74849.30 15838.478 2.8389743 -0.29342215
74850.12 15838.793 2.8429342 -0.29038566
74850.93 15839.107 2.8391564 -0.29244549
74851.75 15839.422 2.840929 -0.29344855
74852.56 15839.736 2.8338111 -0.29813305
74853.37 15840.051 2.8364893 -0.29628529
74854.19 15840.365 2.8318218 -0.29674476
74855.01 15840.680 2.8386378 -0.29723884
74855.82 15840.994 2.8330942 -0.29793736
74856.64 15841.308 2.834201 -0.30321979
74857.46 15841.623 2.8360566 -0.30372198
74858.27 15841.937 2.833792 -0.29875673
74859.09 15842.252 2.8344082 -0.30273466
74859.91 15842.566 2.8272154 -0.30437715
74860.72 15842.881 2.8353099 -0.29810451
74861.54 15843.195 2.8322772 -0.30596857
74862.36 15843.510 2.8283437 -0.30503844
74863.17 15843.824 2.8314237 -0.31022947
