# Sweep from 15838.622Hz to 15815.383Hz step -0.19365833333332982Hz delay 0.9s
# Excitation 0.000553Vpp attenuator 0 dB
# time(s), freq(Hz), absorption(nA), dispersion(nA)
32421.75 15838.622 0.61721607 -0.2793399
32422.66 15838.428 0.618488 -0.27776852
32423.58 15838.235 0.61602282 -0.28613755
32424.50 15838.041 0.61541289 -0.28443796
32425.41 15837.847 0.62058103 -0.28417369
32426.33 15837.654 0.61615714 -0.27979695
32427.25 15837.460 0.61827245 -0.28559745
32428.16 15837.266 0.61672438 -0.27967559
32429.08 15837.073 0.62071769 -0.28583798
32430.00 15836.879 0.61886982 -0.28296574
32430.91 15836.685 0.62305185 -0.28214779
32431.83 15836.492 0.61743606 -0.28357462
32432.75 15836.298 0.61949868 -0.27934334
32433.67 15836.104 0.62189088 -0.28013454
32434.59 15835.911 0.61902512 -0.28092282
32435.50 15835.717 0.61505796 -0.28082997
32436.42 15835.523 0.61777052 -0.28261061
32437.34 15835.330 0.62084297 -0.28015603
32438.25 15835.136 0.61674297 -0.27987227
32439.17 15834.942 0.6245408 -0.27762107
32440.09 15834.749 0.61924919 -0.27653522
32441.00 15834.555 0.6201422 -0.2795403
32441.92 15834.362 0.61948896 -0.28069769
32442.83 15834.168 0.6188921 -0.27754947
32443.75 15833.974 0.62050651 -0.27604148
32444.66 15833.781 0.62327939 -0.27953755
32445.58 15833.587 0.61976868 -0.27919359
32446.49 15833.393 0.62009548 -0.2766084
32447.41 15833.200 0.61873254 -0.27821534
32448.32 15833.006 0.62021286 -0.27749039
32449.24 15832.812 0.619189 -0.27324759
32450.16 15832.619 0.6326253 -0.27389711
32451.07 15832.425 0.62255361 -0.27453294
32451.99 15832.231 0.62157653 -0.27870902
32452.91 15832.038 0.63454456 -0.27558676
32453.82 15831.844 0.62713997 -0.27512581
32454.73 15831.650 0.6215285 -0.26672828
32455.65 15831.457 0.62798796 -0.27413489
32456.57 15831.263 0.62269754 -0.27075558
32457.48 15831.069 0.63339473 -0.27157338
32458.40 15830.876 0.62971179 -0.26927088
32459.32 15830.682 0.62860005 -0.26476715
32460.24 15830.488 0.63152254 -0.26055545
32461.15 15830.295 0.63563903 -0.26260454
32462.07 15830.101 0.63789787 -0.26387136
32462.98 15829.907 0.63751406 -0.2620387
32463.90 15829.714 0.63813599 -0.26301888
32464.82 15829.520 0.64036027 -0.26508701
32465.74 15829.326 0.64651169 -0.26448791
32466.65 15829.133 0.65088273 -0.26335385
32467.57 15828.939 0.65599806 -0.26708187
32468.49 15828.745 0.65808797 -0.25964272
32469.40 15828.552 0.66590286 -0.25706606
32470.32 15828.358 0.66640087 -0.25858216
32471.24 15828.164 0.67085165 -0.26164912
32472.15 15827.971 0.67481085 -0.26852405
32473.07 15827.777 0.68183994 -0.27188642
32473.99 15827.583 0.68961941 -0.26972953
32474.90 15827.390 0.69668698 -0.28027128
32475.82 15827.196 0.6946201 -0.28645425
32476.74 15827.002 0.70095894 -0.29675118
32477.65 15826.809 0.69869066 -0.30517228
32478.56 15826.615 0.70127362 -0.31279933
32479.48 15826.422 0.69375295 -0.31652658
32480.40 15826.228 0.68910663 -0.32890591
32481.31 15826.034 0.68477539 -0.32500546
32482.23 15825.841 0.68129077 -0.33074318
32483.15 15825.647 0.68091975 -0.33058117
32484.06 15825.453 0.67564804 -0.33457303
32484.98 15825.260 0.67133425 -0.33770698
32485.90 15825.066 0.66686511 -0.33637212
32486.82 15824.872 0.66412593 -0.33720266
32487.73 15824.679 0.65656923 -0.33940128
32488.65 15824.485 0.6615648 -0.34646823
32489.57 15824.291 0.65413161 -0.34407998
32490.48 15824.098 0.64677704 -0.34408882
32491.40 15823.904 0.64922256 -0.33810673
32492.31 15823.710 0.64598584 -0.34006237
32493.23 15823.517 0.64652903 -0.33611897
32494.14 15823.323 0.63936898 -0.33641197
32495.06 15823.129 0.63691868 -0.33665299
32495.98 15822.936 0.63420259 -0.33720605
32496.89 15822.742 0.63352337 -0.32971678
32497.81 15822.548 0.63557826 -0.33393158
32498.73 15822.355 0.63197081 -0.33301646
32499.64 15822.161 0.63033571 -0.33062145
32500.56 15821.967 0.63026135 -0.33205146
32501.47 15821.774 0.63030353 -0.32859833
32502.39 15821.580 0.63328423 -0.3325919
32503.30 15821.386 0.6258868 -0.33096879
32504.22 15821.193 0.6268674 -0.33377927
32505.14 15820.999 0.62539101 -0.33029315
32506.05 15820.805 0.62601544 -0.32304624
32506.97 15820.612 0.62731863 -0.32688857
32507.89 15820.418 0.62623337 -0.32792454
32508.81 15820.224 0.62457161 -0.32732487
32509.72 15820.031 0.62510094 -0.32703164
32510.64 15819.837 0.62329156 -0.32476783
32511.56 15819.643 0.62520331 -0.3219958
32512.47 15819.450 0.62390075 -0.32396139
32513.39 15819.256 0.628355 -0.32589892
32514.31 15819.063 0.61902131 -0.32455097
32515.23 15818.869 0.62128362 -0.32525449
32516.14 15818.675 0.6226436 -0.31881748
32517.06 15818.482 0.6228521 -0.31732614
32517.98 15818.288 0.62131596 -0.31799092
32518.89 15818.094 0.62173007 -0.32201319
32519.81 15817.901 0.61590913 -0.31877656
32520.73 15817.707 0.61682442 -0.32533117
32521.64 15817.513 0.61954933 -0.32050625
32522.56 15817.320 0.61799511 -0.31715837
32523.48 15817.126 0.62267191 -0.31959021
32524.39 15816.932 0.62173933 -0.31795156
32525.31 15816.739 0.62210927 -0.3182343
32526.23 15816.545 0.61652713 -0.31825272
32527.14 15816.351 0.62389586 -0.31553259
32528.06 15816.158 0.61857486 -0.31778384
32528.97 15815.964 0.61502442 -0.31412011
32529.89 15815.770 0.61655288 -0.31799195
32530.81 15815.577 0.61995928 -0.31734834
32531.72 15815.383 0.62233261 -0.31393324
