# Sweep from 15802.510Hz to 15847.580Hz step 0.3755833333333309Hz delay 0.8s
# Excitation 0.000645Vpp attenuator 0 dB
# time(s), freq(Hz), absorption(nA), dispersion(nA)
47189.19 15802.510 0.71526358 -0.3113729
47190.01 15802.886 0.71688578 -0.31270844
47190.82 15803.261 0.71487671 -0.31205263
47191.64 15803.637 0.71402451 -0.31240774
47192.45 15804.012 0.71895067 -0.3105155
47193.27 15804.388 0.71638749 -0.31082467
47194.08 15804.764 0.72033492 -0.31903201
47194.90 15805.139 0.71704983 -0.31224633
47195.72 15805.515 0.71483316 -0.30939324
47196.54 15805.890 0.71225929 -0.31126365
47197.36 15806.266 0.72120986 -0.31187395
47198.17 15806.641 0.71598993 -0.31405327
47198.99 15807.017 0.72199344 -0.31117085
47199.80 15807.393 0.71699452 -0.32058873
47200.62 15807.768 0.72303521 -0.31341207
47201.44 15808.144 0.71880055 -0.30870311
47202.25 15808.519 0.72212168 -0.31736928
47203.07 15808.895 0.71497993 -0.31374688
47203.88 15809.271 0.71521976 -0.31538059
47204.70 15809.646 0.7199456 -0.31565631
47205.52 15810.022 0.71615244 -0.31739259
47206.34 15810.397 0.72293784 -0.31992272
47207.15 15810.773 0.72051569 -0.31188344
47207.97 15811.148 0.71858324 -0.31401896
47208.79 15811.524 0.7180052 -0.31692286
47209.60 15811.900 0.7209556 -0.31859383
47210.42 15812.275 0.72568884 -0.31345886
47211.24 15812.651 0.71863747 -0.31572276
47212.06 15813.026 0.72155041 -0.3186189
47212.88 15813.402 0.72386075 -0.32015311
47213.69 15813.778 0.72305653 -0.32174535
47214.50 15814.153 0.71685508 -0.32145542
47215.32 15814.529 0.72411768 -0.31930034
47216.14 15814.904 0.72673936 -0.32182459
47216.95 15815.280 0.72245575 -0.3235551
47217.76 15815.655 0.72775106 -0.32040245
47218.58 15816.031 0.72460193 -0.31774076
47219.39 15816.407 0.73048261 -0.32315896
47220.21 15816.782 0.72157775 -0.32246965
47221.03 15817.158 0.72851833 -0.3203005
47221.84 15817.533 0.72203125 -0.32259177
47222.66 15817.909 0.72872137 -0.32875909
47223.47 15818.284 0.72445977 -0.32789561
47224.29 15818.660 0.72963229 -0.32461625
47225.11 15819.036 0.73076984 -0.32804323
47225.92 15819.411 0.73181002 -0.32714331
47226.74 15819.787 0.73269297 -0.32753957
47227.56 15820.162 0.73537723 -0.33257803
47228.37 15820.538 0.74188165 -0.3326814
47229.19 15820.914 0.74300851 -0.3294092
47230.01 15821.289 0.74765944 -0.32561059
47230.82 15821.665 0.74482034 -0.31919589
47231.64 15822.040 0.74843808 -0.32413098
47232.45 15822.416 0.75200381 -0.3226223
47233.27 15822.791 0.75675609 -0.32228593
47234.08 15823.167 0.76187575 -0.32025062
47234.90 15823.543 0.75816172 -0.32469433
47235.71 15823.918 0.76064691 -0.31741595
47236.53 15824.294 0.76563691 -0.30868782
47237.34 15824.669 0.76825501 -0.30435359
47238.16 15825.045 0.7679036 -0.30111724
47238.97 15825.421 0.77306805 -0.29689201
47239.79 15825.796 0.7666174 -0.29343926
47240.60 15826.172 0.76421384 -0.28540742
47241.42 15826.547 0.7566432 -0.28357036
47242.24 15826.923 0.75230525 -0.28173966
47243.05 15827.299 0.75550429 -0.28088701
47243.87 15827.674 0.74873731 -0.27305242
47244.68 15828.050 0.74509239 -0.27637012
47245.50 15828.425 0.74512906 -0.26865325
47246.32 15828.801 0.74054162 -0.27403709
47247.13 15829.176 0.7414875 -0.28135224
47247.95 15829.552 0.73088927 -0.27341343
47248.77 15829.928 0.73984398 -0.27781925
47249.58 15830.303 0.73332694 -0.27552923
47250.40 15830.679 0.73368801 -0.27732978
47251.22 15831.054 0.73176142 -0.27774109
47252.03 15831.430 0.73682196 -0.27849174
47252.85 15831.806 0.72563864 -0.2821547
47253.66 15832.181 0.72323201 -0.28275272
47254.48 15832.557 0.72947438 -0.27972069
47255.30 15832.932 0.72534579 -0.28475498
47256.11 15833.308 0.72341908 -0.28134949
47256.93 15833.683 0.71888371 -0.28180654
47257.75 15834.059 0.7257039 -0.28693248
47258.56 15834.435 0.72620162 -0.28200981
47259.38 15834.810 0.72006952 -0.28736662
47260.19 15835.186 0.71605575 -0.28467733
47261.01 15835.561 0.71942605 -0.28407018
47261.83 15835.937 0.72041615 -0.29067363
47262.65 15836.312 0.72146037 -0.28607903
47263.46 15836.688 0.71941338 -0.28286649
47264.28 15837.064 0.72156848 -0.28734942
47265.10 15837.439 0.7152874 -0.28400174
47265.92 15837.815 0.71705534 -0.28803385
47266.73 15838.190 0.7219893 -0.28590497
47267.55 15838.566 0.71845653 -0.2898139
47268.36 15838.942 0.71528677 -0.28378375
47269.18 15839.317 0.71717892 -0.28846804
47270.00 15839.693 0.72050597 -0.28643484
47270.81 15840.068 0.72356823 -0.2901819
47271.63 15840.444 0.71626442 -0.28958704
47272.44 15840.819 0.71825519 -0.29581636
47273.26 15841.195 0.71279885 -0.28986202
47274.07 15841.571 0.71908744 -0.29210918
47274.89 15841.946 0.71878901 -0.28879398
47275.70 15842.322 0.71386557 -0.28470782
47276.52 15842.697 0.71857744 -0.28782731
47277.33 15843.073 0.71484357 -0.29449168
47278.15 15843.449 0.71743113 -0.29280596
47278.96 15843.824 0.71325314 -0.2950564
47279.78 15844.200 0.71083156 -0.2961074
47280.59 15844.575 0.71298967 -0.29059242
47281.41 15844.951 0.71922642 -0.29066882
47282.22 15845.326 0.71191715 -0.2855416
47283.04 15845.702 0.71733365 -0.29753241
47283.86 15846.078 0.71741732 -0.29576935
47284.67 15846.453 0.71136617 -0.29337392
47285.49 15846.829 0.71382135 -0.29185875
47286.31 15847.204 0.71320147 -0.29338489
47287.12 15847.580 0.71807739 -0.2911741
