# Sweep from 15846.196Hz to 15803.637Hz step -0.3546583333333274Hz delay 0.8s
# Excitation 0.000645Vpp attenuator 0 dB
# time(s), freq(Hz), absorption(nA), dispersion(nA)
58856.00 15846.196 0.72154506 -0.29265783
58856.81 15845.841 0.71998051 -0.29485673
58857.63 15845.487 0.71969777 -0.29792392
58858.44 15845.132 0.71885921 -0.28626886
58859.26 15844.777 0.71867896 -0.29700519
58860.08 15844.423 0.70909971 -0.28606556
58860.89 15844.068 0.71967207 -0.28627602
58861.71 15843.713 0.71471408 -0.28665625
58862.52 15843.359 0.71456117 -0.29101361
58863.34 15843.004 0.71723457 -0.29260178
58864.15 15842.649 0.71620826 -0.29436367
58864.97 15842.295 0.7150129 -0.29081068
58865.79 15841.940 0.71347637 -0.28648051
58866.61 15841.585 0.71749707 -0.2872207
58867.42 15841.231 0.72153136 -0.29344713
58868.24 15840.876 0.72439224 -0.28942856
58869.06 15840.521 0.71426751 -0.28949873
58869.88 15840.167 0.71798388 -0.2893496
58870.69 15839.812 0.71761758 -0.28852421
58871.51 15839.457 0.72026347 -0.28654895
58872.33 15839.103 0.7183794 -0.29128273
58873.14 15838.748 0.72067911 -0.28902087
58873.96 15838.394 0.71511357 -0.28640827
58874.77 15838.039 0.72069099 -0.28770063
58875.59 15837.684 0.71806943 -0.28953872
58876.40 15837.330 0.71970493 -0.28814765
58877.22 15836.975 0.71830709 -0.291866
58878.04 15836.620 0.71662873 -0.2855665
58878.86 15836.266 0.71907374 -0.28540794
58879.68 15835.911 0.72224339 -0.29083833
58880.49 15835.556 0.72747144 -0.28309478
58881.30 15835.202 0.71800184 -0.29189036
58882.12 15834.847 0.72284735 -0.27779748
58882.94 15834.492 0.721758 -0.2802214
58883.75 15834.138 0.72572999 -0.28019463
58884.57 15833.783 0.72076307 -0.28397216
58885.39 15833.428 0.72199293 -0.28367947
58886.20 15833.074 0.72769132 -0.27906933
58887.03 15832.719 0.72841073 -0.27972555
58887.84 15832.364 0.72606758 -0.28066179
58888.66 15832.010 0.72986768 -0.28188478
58889.48 15831.655 0.72995215 -0.27682324
58890.29 15831.300 0.7300485 -0.27730351
58891.11 15830.946 0.73290624 -0.27407825
58891.92 15830.591 0.73265085 -0.27611543
58892.74 15830.236 0.73852851 -0.2687479
58893.55 15829.882 0.73297184 -0.27092611
58894.37 15829.527 0.73671288 -0.27219991
58895.18 15829.172 0.74154491 -0.27435675
58896.00 15828.818 0.74120277 -0.27569621
58896.81 15828.463 0.74868342 -0.27726031
58897.63 15828.108 0.7507856 -0.27448016
58898.45 15827.754 0.74967659 -0.27682864
58899.26 15827.399 0.75086592 -0.27810813
58900.08 15827.044 0.75810362 -0.27820809
58900.89 15826.690 0.75747027 -0.29217287
58901.71 15826.335 0.76342872 -0.2901298
58902.52 15825.980 0.76642823 -0.29076207
58903.34 15825.626 0.76867894 -0.30506123
58904.15 15825.271 0.76731425 -0.30084851
58904.97 15824.916 0.76692294 -0.30592713
58905.78 15824.562 0.76723364 -0.30575455
58906.60 15824.207 0.77042051 -0.30945529
58907.41 15823.853 0.76285744 -0.31604728
58908.23 15823.498 0.76005693 -0.31838937
58909.05 15823.143 0.76024423 -0.32100755
58909.86 15822.789 0.75626519 -0.32211693
58910.68 15822.434 0.75452613 -0.32419854
58911.49 15822.079 0.75422497 -0.33040101
58912.31 15821.725 0.74586245 -0.32987842
58913.13 15821.370 0.74294667 -0.32573055
58913.95 15821.015 0.73795724 -0.33291875
58914.77 15820.661 0.734303 -0.32819611
58915.58 15820.306 0.73322445 -0.32631496
58916.40 15819.951 0.73862509 -0.33100443
58917.21 15819.597 0.74320963 -0.32687825
58918.03 15819.242 0.73412554 -0.3251071
58918.85 15818.887 0.73172498 -0.32475029
58919.66 15818.533 0.7362442 -0.32351548
58920.48 15818.178 0.72904322 -0.32508342
58921.30 15817.823 0.72582276 -0.3188573
58922.11 15817.469 0.72457811 -0.32429671
58922.93 15817.114 0.73279563 -0.32311991
58923.75 15816.759 0.72685788 -0.32399649
58924.56 15816.405 0.72729057 -0.3231483
58925.38 15816.050 0.72492765 -0.32147895
58926.19 15815.695 0.72280034 -0.32203366
58927.01 15815.341 0.72159315 -0.32542184
58927.82 15814.986 0.72675357 -0.32162433
58928.64 15814.631 0.7167738 -0.31862103
58929.45 15814.277 0.72009288 -0.32491116
58930.27 15813.922 0.7194576 -0.31745225
58931.08 15813.567 0.72069219 -0.32555715
58931.90 15813.213 0.72423643 -0.32044346
58932.71 15812.858 0.72059225 -0.31327519
58933.53 15812.503 0.7201225 -0.31889354
58934.34 15812.149 0.72122305 -0.3195745
58935.16 15811.794 0.71544247 -0.31247004
58935.97 15811.439 0.72354732 -0.3157628
58936.79 15811.085 0.7201964 -0.31665866
58937.61 15810.730 0.7169665 -0.31643143
58938.43 15810.376 0.72059424 -0.31833449
58939.24 15810.021 0.71434226 -0.31558275
58940.06 15809.666 0.71706921 -0.31621377
58940.87 15809.312 0.71856329 -0.31222351
58941.69 15808.957 0.71721246 -0.31404966
58942.50 15808.602 0.71916844 -0.31921033
58943.32 15808.248 0.71863883 -0.31964328
58944.14 15807.893 0.7166355 -0.31626368
58944.95 15807.538 0.7214789 -0.31225579
58945.77 15807.184 0.7174869 -0.30989722
58946.59 15806.829 0.71505548 -0.3142097
58947.41 15806.474 0.72202363 -0.3154621
58948.22 15806.120 0.72121611 -0.3148059
58949.04 15805.765 0.71887553 -0.30945873
58949.85 15805.410 0.71841441 -0.32012593
58950.67 15805.056 0.71748832 -0.3116825
58951.48 15804.701 0.72153227 -0.3097839
58952.30 15804.346 0.71555428 -0.31053844
58953.11 15803.992 0.71705205 -0.30951213
58953.93 15803.637 0.70984032 -0.31811078
