20220818T000353 32354.522 32354.298 -0.005600000000049477 20 0.040000 40dB 95 100ms 1660770652.01 652.01 32354.410 0.056365 7.23377 -1
20220818T001734 32354.298 32354.523 0.00562500000005457 20 0.040000 40dB 95 100ms 1660771479.84 1479.84 32354.412 0.056039 7.22523 -1
20220818T003115 32354.524 32354.300 -0.005600000000049477 20 0.040000 40dB 95 100ms 1660772311.42 2311.42 32354.408 0.057592 7.22029 -1
20220818T004457 32354.293 32354.523 0.005749999999989086 20 0.040000 40dB 95 100ms 1660773121.73 3121.73 32354.409 0.055744 7.22094 -1
20220818T005838 32354.521 32354.298 -0.005575000000044383 20 0.040000 40dB 95 100ms 1660773944.57 3944.57 32354.408 0.05617 7.24435 -1
20220818T011219 32354.296 32354.520 0.005600000000049477 20 0.040000 40dB 95 100ms 1660774756.28 4756.28 32354.407 0.054129 7.24607 -1
20220818T012601 32354.515 32354.299 -0.005400000000008731 20 0.040000 40dB 95 100ms 1660775586.48 5586.48 32354.406 0.056232 7.25672 -1
20220818T013942 32354.293 32354.518 0.00562499999996362 20 0.040000 40dB 95 100ms 1660776412.86 6412.86 32354.408 0.056609 7.22848 -1
20220818T015324 32354.521 32354.295 -0.005650000000059663 20 0.040000 40dB 95 100ms 1660777219.84 7219.84 32354.409 0.056393 7.25053 -1
20220818T020705 32354.297 32354.522 0.00562500000005457 20 0.040000 40dB 95 100ms 1660778047.14 8047.14 32354.410 0.055969 7.22943 -1
20220818T022046 32354.522 32354.298 -0.005600000000049477 20 0.040000 40dB 95 100ms 1660778869.16 8869.16 32354.410 0.056723 7.25458 -1
20220818T023428 32354.296 32354.523 0.005675000000064756 20 0.040000 40dB 95 100ms 1660779691.88 9691.88 32354.410 0.056262 7.22974 -1
20220818T024809 32354.523 32354.298 -0.00562500000005457 20 0.040000 40dB 95 100ms 1660780513.00 10513.00 32354.410 0.0565 7.2453 -1
20220818T030150 32354.297 32354.523 0.005650000000059663 20 0.040000 40dB 95 100ms 1660781337.10 11337.10 32354.412 0.056255 7.24705 -1
20220818T031532 32354.524 32354.299 -0.00562500000005457 20 0.040000 40dB 95 100ms 1660782153.72 12153.72 32354.411 0.056478 7.2544 -1
20220818T032913 32354.298 32354.524 0.005650000000059663 20 0.040000 40dB 95 100ms 1660782973.52 12973.52 32354.411 0.055968 7.23617 -1
20220818T034255 32354.523 32354.299 -0.005600000000049477 20 0.040000 40dB 95 100ms 1660783795.71 13795.71 32354.411 0.056754 7.26812 -1
20220818T035636 32354.297 32354.525 0.005700000000069849 20 0.040000 40dB 95 100ms 1660784616.17 14616.17 32354.411 0.055931 7.25142 -1
20220818T041017 32354.523 32354.299 -0.005600000000049477 20 0.040000 40dB 95 100ms 1660785439.62 15439.62 32354.411 0.056199 7.26437 -1
20220818T042359 32354.298 32354.523 0.00562500000005457 20 0.040000 40dB 95 100ms 1660786265.14 16265.14 32354.412 0.055645 7.24874 -1
20220818T043740 32354.523 32354.301 -0.00555000000003929 20 0.040000 40dB 95 100ms 1660787082.75 17082.75 32354.412 0.05663 7.27549 -1
20220818T045121 32354.298 32354.525 0.005675000000064756 20 0.040000 40dB 95 100ms 1660787904.52 17904.52 32354.412 0.056059 7.24717 -1
20220818T050503 32354.524 32354.300 -0.005600000000049477 20 0.040000 40dB 95 100ms 1660788725.95 18725.95 32354.411 0.057034 7.27166 -1
20220818T051844 32354.297 32354.526 0.005725000000074943 20 0.040000 40dB 95 100ms 1660789536.09 19536.09 32354.409 0.056241 7.22824 -1
20220818T053226 32354.521 32354.296 -0.00562500000005457 20 0.040000 40dB 95 100ms 1660790362.71 20362.71 32354.410 0.056537 7.27571 -1
20220818T054607 32354.297 32354.523 0.005650000000059663 20 0.040000 40dB 95 100ms 1660791187.16 21187.16 32354.410 0.055486 7.24328 -1
20220818T055948 32354.521 32354.299 -0.00555000000003929 20 0.040000 40dB 95 100ms 1660792016.50 22016.50 32354.408 0.05678 7.25596 -1
20220818T061330 32354.294 32354.522 0.0056999999999789 20 0.040000 40dB 95 100ms 1660792829.54 22829.54 32354.408 0.055159 7.24289 -1
20220818T062711 32354.518 32354.297 -0.005525000000034197 20 0.040000 40dB 95 100ms 1660793657.28 23657.28 32354.406 0.05661 7.25816 -1
20220818T064052 32354.293 32354.519 0.005649999999968713 20 0.040000 40dB 95 100ms 1660794474.46 24474.46 32354.406 0.055587 7.24058 -1
20220818T065434 32354.517 32354.295 -0.00555000000003929 20 0.040000 40dB 95 100ms 1660795295.81 25295.81 32354.406 0.056596 7.2585 -1
20220818T070815 32354.293 32354.519 0.005649999999968713 20 0.040000 40dB 95 100ms 1660796121.12 26121.12 32354.407 0.056017 7.23511 -1
20220818T072157 32354.519 32354.295 -0.005600000000049477 20 0.040000 40dB 95 100ms 1660796935.87 26935.87 32354.408 0.056355 7.25151 -1
20220818T073538 32354.295 32354.520 0.00562500000005457 20 0.040000 40dB 95 100ms 1660797762.04 27762.04 32354.408 0.056055 7.22991 -1
20220818T074919 32354.520 32354.296 -0.005600000000049477 20 0.040000 40dB 95 100ms 1660798579.91 28579.91 32354.408 0.056492 7.25829 -1
20220818T080301 32354.295 32354.521 0.005650000000059663 20 0.040000 40dB 95 100ms 1660799408.44 29408.44 32354.410 0.055578 7.25407 -1
20220818T081642 32354.521 32354.299 -0.00555000000003929 20 0.040000 40dB 95 100ms 1660800227.85 30227.85 32354.409 0.056462 7.26515 -1
20220818T083023 32354.296 32354.522 0.005650000000059663 20 0.040000 40dB 95 100ms 1660801040.13 31040.13 32354.408 0.054994 7.25662 -1
20220818T084405 32354.518 32354.298 -0.005500000000029104 20 0.040000 40dB 95 100ms 1660801886.34 31886.34 32354.402 0.056975 7.23645 -1
20220818T085746 32354.288 32354.516 0.0056999999999789 20 0.040000 40dB 95 100ms 1660802687.53 32687.53 32354.402 0.055218 7.23548 -1
20220818T091127 32354.513 32354.292 -0.005524999999943247 20 0.040000 40dB 95 100ms 1660803515.18 33515.18 32354.401 0.056456 7.24092 -1
20220818T092509 32354.288 32354.514 0.005649999999968713 20 0.040000 40dB 95 100ms 1660804330.50 34330.50 32354.401 0.055226 7.23179 -1
20220818T093850 32354.512 32354.291 -0.005524999999943247 20 0.040000 40dB 95 100ms 1660805178.35 35178.35 32354.394 0.060334 6.74748 -1
20220818T095232 32354.273 32354.515 0.006049999999959255 18 0.040000 40dB 95 100ms 1660805919.04 35919.04 32354.390 0.059887 6.14224 -1
20220818T100451 32354.510 32354.270 -0.005999999999949069 18 0.040000 40dB 95 100ms 1660806678.40 36678.40 32354.387 0.067088 5.76342 -1
20220818T101710 32354.253 32354.521 0.006700000000000728 16 0.040000 40dB 95 100ms 1660807367.27 37367.27 32354.387 0.067061 5.66487 -1
20220818T102808 32354.521 32354.253 -0.006700000000000728 16 0.040000 40dB 95 100ms 1660808027.71 38027.71 32354.386 0.070443 5.44045 -1
20220818T103905 32354.245 32354.527 0.007049999999981083 16 0.040000 40dB 95 100ms 1660808682.27 38682.27 32354.386 0.072859 5.2653 -1
20220818T105002 32354.532 32354.240 -0.007299999999941065 15 0.040000 40dB 95 100ms 1660809319.19 39319.19 32354.386 0.07353 5.26164 -1
20220818T110019 32354.239 32354.533 0.007349999999951251 15 0.040000 40dB 95 100ms 1660809929.78 39929.78 32354.383 0.072249 5.24808 -1
20220818T111353 32354.528 32354.239 -0.007224999999925786 15 0.010000 40dB 127 100ms 1660810753.07 40753.07 32354.382 0.078494 1.17333 -1
20220818T112409 32354.225 32354.539 0.007850000000053115 14 0.010000 40dB 127 100ms 1660811349.36 41349.36 32354.385 0.078631 1.16734 -1
20220818T113345 32354.542 32354.227 -0.007875000000058207 14 0.010000 40dB 127 100ms 1660811918.72 41918.72 32354.385 0.07836 1.17361 -1
20220818T114320 32354.229 32354.542 0.007825000000048021 14 0.010000 40dB 127 100ms 1660812498.85 42498.85 32354.387 0.077802 1.17423 -1
20220818T115256 32354.543 32354.232 -0.007775000000037835 14 0.010000 40dB 127 100ms 1660813071.12 43071.12 32354.387 0.078449 1.16814 -1
20220818T120231 32354.230 32354.544 0.007850000000053115 14 0.010000 40dB 127 100ms 1660813647.75 43647.75 32354.388 0.077795 1.17406 -1
20220818T121207 32354.543 32354.232 -0.007775000000037835 14 0.010000 40dB 127 100ms 1660814226.79 44226.79 32354.385 0.079443 1.17619 -1
20220818T122142 32354.226 32354.544 0.007950000000073487 14 0.010000 40dB 127 100ms 1660814792.56 44792.56 32354.382 0.077867 1.17918 -1
20220818T123117 32354.538 32354.227 -0.007775000000037835 14 0.010000 40dB 127 100ms 1660815372.40 45372.40 32354.383 0.076739 1.17479 -1
20220818T124053 32354.229 32354.536 0.007675000000017462 14 0.010000 40dB 127 100ms 1660815950.57 45950.57 32354.384 0.077464 1.17874 -1
20220818T125028 32354.539 32354.229 -0.007750000000032742 14 0.010000 40dB 127 100ms 1660816529.76 46529.76 32354.380 0.078034 1.17513 -1
20220818T130004 32354.224 32354.537 0.007825000000048021 14 0.010000 40dB 127 100ms 1660817099.67 47099.67 32354.381 0.079103 1.17562 -1
20220818T145055 32354.224 32354.537 0.007825000000048021 10 0.01 40dB 127 100ms 1660823661.79 53661.79 32354.377 0.076411 1.2023 -1
20220818T145859 32354.530 32354.224 -0.007650000000012369 14 0.010000 40dB 127 100ms 1660824237.50 54237.50 32354.375 0.076516 1.20553 -1
20220818T150834 32354.222 32354.528 0.007649999999921419 14 0.010000 40dB 127 100ms 1660824809.57 54809.57 32354.375 0.076093 1.20673 -1
20220818T151810 32354.527 32354.223 -0.007599999999911233 14 0.010000 40dB 127 100ms 1660825382.04 55382.04 32354.377 0.075297 1.20452 -1
20220818T152745 32354.226 32354.527 0.007524999999986903 15 0.010000 40dB 127 100ms 1660825985.16 55985.16 32354.378 0.076847 1.19537 -1
20220818T153802 32354.532 32354.225 -0.007675000000017462 14 0.010000 40dB 127 100ms 1660826580.56 56580.56 32354.376 0.07702 1.1908 -1
20220818T154737 32354.222 32354.531 0.007724999999936699 14 0.010000 40dB 127 100ms 1660827149.94 57149.94 32354.375 0.077322 1.19042 -1
20220818T155712 32354.530 32354.221 -0.007724999999936699 14 0.010000 40dB 127 100ms 1660827726.62 57726.62 32354.376 0.077816 1.18712 -1
20220818T160648 32354.220 32354.532 0.007799999999951979 14 0.010000 40dB 127 100ms 1660828301.20 58301.20 32354.375 0.07702 1.19029 -1
20220818T161623 32354.529 32354.221 -0.007699999999931606 14 0.010000 40dB 127 100ms 1660828872.25 58872.25 32354.378 0.076608 1.18949 -1
20220818T162559 32354.225 32354.532 0.007675000000017462 14 0.010000 40dB 127 100ms 1660829457.98 59457.98 32354.381 0.077591 1.18596 -1
20220818T163534 32354.536 32354.226 -0.007750000000032742 14 0.010000 40dB 127 100ms 1660830029.32 60029.32 32354.381 0.076344 1.1928 -1
20220818T164509 32354.228 32354.534 0.007650000000012369 14 0.010000 40dB 127 100ms 1660830605.67 60605.67 32354.382 0.076557 1.18692 -1
20220818T165445 32354.535 32354.228 -0.007675000000017462 14 0.010000 40dB 127 100ms 1660831181.86 61181.86 32354.380 0.077345 1.19144 -1
20220818T170420 32354.226 32354.535 0.007725000000027649 14 0.010000 40dB 127 100ms 1660831757.06 61757.06 32354.381 0.07773 1.18632 -1
20220818T171356 32354.537 32354.226 -0.007775000000037835 14 0.010000 40dB 127 100ms 1660832328.68 62328.68 32354.383 0.076376 1.18901 -1
20220818T172331 32354.230 32354.535 0.007625000000007276 14 0.010000 40dB 127 100ms 1660832907.63 62907.63 32354.383 0.075964 1.19085 -1
20220818T173306 32354.535 32354.231 -0.007600000000002183 14 0.010000 40dB 127 100ms 1660833484.41 63484.41 32354.381 0.076407 1.18633 -1
20220818T174242 32354.229 32354.534 0.007625000000007276 14 0.010000 40dB 127 100ms 1660834059.31 64059.31 32354.383 0.076714 1.19103 -1
20220818T175217 32354.536 32354.229 -0.007675000000017462 14 0.010000 40dB 127 100ms 1660834633.18 64633.18 32354.382 0.077892 1.1812 -1
20220818T180153 32354.226 32354.538 0.007800000000042928 14 0.010000 40dB 127 100ms 1660835209.65 65209.65 32354.383 0.078899 1.18442 -1
20220818T181128 32354.541 32354.225 -0.0079000000000633 14 0.010000 40dB 127 100ms 1660835778.36 65778.36 32354.386 0.077442 1.18411 -1
20220818T182103 32354.231 32354.541 0.007750000000032742 14 0.010000 40dB 127 100ms 1660836358.41 66358.41 32354.386 0.077722 1.18381 -1
20220818T183039 32354.541 32354.230 -0.007775000000037835 14 0.010000 40dB 127 100ms 1660836938.42 66938.42 32354.383 0.078202 1.18161 -1
20220818T184014 32354.227 32354.539 0.007800000000042928 14 0.010000 40dB 127 100ms 1660837508.69 67508.69 32354.383 0.077197 1.18389 -1
20220818T184950 32354.537 32354.228 -0.007725000000027649 14 0.010000 40dB 127 100ms 1660838085.89 68085.89 32354.382 0.078047 1.18365 -1
20220818T185925 32354.226 32354.538 0.007800000000042928 14 0.010000 40dB 127 100ms 1660838661.14 68661.14 32354.383 0.077129 1.1846 -1
20220818T190900 32354.537 32354.228 -0.007725000000027649 14 0.010000 40dB 127 100ms 1660839233.65 69233.65 32354.384 0.07723 1.1807 -1
20220818T191836 32354.229 32354.538 0.007725000000027649 14 0.010000 40dB 127 100ms 1660839811.52 69811.52 32354.384 0.077348 1.19272 -1
20220818T192811 32354.539 32354.229 -0.007750000000032742 14 0.010000 40dB 127 100ms 1660840386.58 70386.58 32354.384 0.076866 1.19273 -1
20220818T193747 32354.230 32354.538 0.007700000000022555 14 0.010000 40dB 127 100ms 1660840961.80 70961.80 32354.384 0.076757 1.19109 -1
20220818T194722 32354.538 32354.231 -0.007675000000017462 14 0.010000 40dB 127 100ms 1660841537.14 71537.14 32354.385 0.076979 1.18762 -1
20220818T195657 32354.231 32354.538 0.007675000000017462 14 0.010000 40dB 127 100ms 1660842113.53 72113.53 32354.385 0.077159 1.19225 -1
20220818T200633 32354.539 32354.231 -0.007700000000022555 14 0.010000 40dB 127 100ms 1660842687.27 72687.27 32354.385 0.076534 1.19168 -1
20220818T201608 32354.232 32354.538 0.007650000000012369 14 0.010000 40dB 127 100ms 1660843264.72 73264.72 32354.386 0.076262 1.1929 -1
20220818T202544 32354.538 32354.233 -0.007625000000007276 14 0.010000 40dB 127 100ms 1660843837.85 73837.85 32354.386 0.077097 1.18917 -1
20220818T203519 32354.232 32354.540 0.007700000000022555 14 0.010000 40dB 127 100ms 1660844414.71 74414.71 32354.386 0.077071 1.18728 -1
20220818T204454 32354.540 32354.232 -0.007700000000022555 14 0.010000 40dB 127 100ms 1660844987.95 74987.95 32354.387 0.077228 1.18776 -1
20220818T205430 32354.232 32354.541 0.007725000000027649 14 0.010000 40dB 127 100ms 1660845567.15 75567.15 32354.388 0.077363 1.19222 -1
20220818T210405 32354.542 32354.233 -0.007725000000027649 14 0.010000 40dB 127 100ms 1660846138.79 76138.79 32354.388 0.077018 1.18365 -1
20220818T211341 32354.234 32354.542 0.007700000000022555 14 0.010000 40dB 127 100ms 1660846716.91 76716.91 32354.389 0.077641 1.18287 -1
20220818T212316 32354.544 32354.233 -0.007775000000037835 14 0.010000 40dB 127 100ms 1660847290.59 77290.59 32354.389 0.07677 1.19957 -1
20220818T213251 32354.235 32354.542 0.007675000000017462 14 0.010000 40dB 127 100ms 1660847867.53 77867.53 32354.389 0.077174 1.19805 -1
20220818T214227 32354.543 32354.235 -0.007700000000022555 14 0.010000 40dB 127 100ms 1660848440.89 78440.89 32354.390 0.076665 1.19164 -1
20220818T215202 32354.236 32354.543 0.007675000000017462 14 0.010000 40dB 127 100ms 1660849018.74 79018.74 32354.390 0.077275 1.18577 -1
20220818T220138 32354.545 32354.236 -0.007724999999936699 14 0.010000 40dB 127 100ms 1660849593.13 79593.13 32354.390 0.077148 1.18957 -1
20220818T221113 32354.236 32354.545 0.007724999999936699 14 0.010000 40dB 127 100ms 1660850167.90 80167.90 32354.390 0.076715 1.19222 -1
20220818T222048 32354.544 32354.237 -0.007675000000017462 14 0.010000 40dB 127 100ms 1660850742.84 80742.84 32354.391 0.077318 1.18723 -1
20220818T223024 32354.236 32354.545 0.007724999999936699 14 0.010000 40dB 127 100ms 1660851320.30 81320.30 32354.391 0.07753 1.18893 -1
20220818T223959 32354.546 32354.236 -0.007749999999941792 14 0.010000 40dB 127 100ms 1660851892.78 81892.78 32354.392 0.077574 1.18955 -1
20220818T224934 32354.237 32354.547 0.007749999999941792 14 0.010000 40dB 127 100ms 1660852469.64 82469.64 32354.392 0.077788 1.1884 -1
20220818T225910 32354.548 32354.236 -0.007799999999951979 14 0.010000 40dB 127 100ms 1660853044.95 83044.95 32354.392 0.078053 1.18579 -1
20220818T230845 32354.236 32354.548 0.007799999999951979 14 0.010000 40dB 127 100ms 1660853621.18 83621.18 32354.392 0.077699 1.18806 -1
20220818T231821 32354.548 32354.237 -0.007774999999946885 14 0.010000 40dB 127 100ms 1660854195.82 84195.82 32354.393 0.077443 1.19085 -1
20220818T232756 32354.238 32354.547 0.007724999999936699 14 0.010000 40dB 127 100ms 1660854772.26 84772.26 32354.393 0.078008 1.18703 -1
20220818T233732 32354.549 32354.237 -0.007799999999951979 14 0.010000 40dB 127 100ms 1660855346.84 85346.84 32354.393 0.077603 1.18622 -1
20220818T234707 32354.238 32354.548 0.007749999999941792 14 0.010000 40dB 127 100ms 1660855921.97 85921.97 32354.393 0.076674 1.18987 -1
20220818T235642 32354.546 32354.240 -0.007649999999921419 14 0.010000 40dB 127 100ms 1660856497.06 86497.06 32354.393 0.077412 1.19161 -1
