# Sweep from 15811.397Hz to 15841.506Hz step 0.25090833333332135Hz delay 0.9s
# Excitation 0.000792Vpp attenuator 0 dB
# time(s), freq(Hz), absorption(nA), dispersion(nA)
35446.16 15811.397 0.88101558 -0.32878518
35447.08 15811.648 0.88125233 -0.32129731
35448.00 15811.899 0.87829409 -0.32848678
35448.91 15812.150 0.88089627 -0.31806437
35449.82 15812.401 0.88307644 -0.32518187
35450.74 15812.652 0.8829507 -0.32093433
35451.65 15812.902 0.87781882 -0.3255528
35452.57 15813.153 0.88514923 -0.3323087
35453.49 15813.404 0.88658044 -0.32944277
35454.41 15813.655 0.89084011 -0.3211793
35455.33 15813.906 0.88360491 -0.32092433
35456.24 15814.157 0.88762209 -0.3270346
35457.16 15814.408 0.88389766 -0.32860524
35458.08 15814.659 0.88194628 -0.32796245
35459.00 15814.910 0.88496989 -0.32885467
35459.92 15815.161 0.88447496 -0.33287265
35460.83 15815.412 0.88760459 -0.32669837
35461.75 15815.662 0.88468823 -0.33029011
35462.66 15815.913 0.88582959 -0.33152628
35463.58 15816.164 0.8874149 -0.32754912
35464.51 15816.415 0.88274209 -0.32990062
35465.42 15816.666 0.89015492 -0.33379058
35466.34 15816.917 0.88492027 -0.33136348
35467.25 15817.168 0.88973167 -0.33170139
35468.17 15817.419 0.88908325 -0.33007109
35469.09 15817.670 0.88841989 -0.33370679
35470.00 15817.921 0.88687909 -0.33516636
35470.92 15818.172 0.88730599 -0.33274503
35471.84 15818.422 0.89649427 -0.33457567
35472.75 15818.673 0.8866848 -0.34131384
35473.66 15818.924 0.89025298 -0.33976903
35474.58 15819.175 0.89721436 -0.34297807
35475.49 15819.426 0.88985968 -0.33415552
35476.41 15819.677 0.88760578 -0.34004918
35477.33 15819.928 0.89700126 -0.33620179
35478.25 15820.179 0.90323351 -0.34462596
35479.16 15820.430 0.89634858 -0.34313089
35480.08 15820.681 0.89623842 -0.34398735
35481.00 15820.932 0.89669868 -0.34589414
35481.92 15821.182 0.90195647 -0.34702055
35482.83 15821.433 0.90124473 -0.34642372
35483.75 15821.684 0.90311914 -0.3463544
35484.67 15821.935 0.90887926 -0.34433688
35485.59 15822.186 0.91049623 -0.34884343
35486.50 15822.437 0.9108262 -0.35010297
35487.42 15822.688 0.91423652 -0.35464151
35488.34 15822.939 0.909748 -0.35230929
35489.26 15823.190 0.91818021 -0.35217062
35490.17 15823.441 0.91632944 -0.34800991
35491.08 15823.692 0.93133855 -0.35824652
35492.00 15823.942 0.93005679 -0.35367157
35492.91 15824.193 0.93183468 -0.35038804
35493.83 15824.444 0.9370487 -0.35646531
35494.74 15824.695 0.94623937 -0.35559475
35495.65 15824.946 0.94744018 -0.34811376
35496.57 15825.197 0.95581652 -0.3509922
35497.49 15825.448 0.95979578 -0.34065613
35498.41 15825.699 0.97317127 -0.33516912
35499.33 15825.950 0.98176758 -0.32748463
35500.24 15826.201 0.97589293 -0.31728044
35501.16 15826.452 0.98137582 -0.30794817
35502.08 15826.702 0.97914983 -0.29926281
35502.99 15826.953 0.9811356 -0.28620485
35503.91 15827.204 0.97843792 -0.27924207
35504.83 15827.455 0.96606982 -0.27690592
35505.74 15827.706 0.94689398 -0.26757812
35506.66 15827.957 0.95517203 -0.26094824
35507.57 15828.208 0.94823116 -0.25668339
35508.49 15828.459 0.94004207 -0.25538307
35509.41 15828.710 0.92970492 -0.2571972
35510.33 15828.961 0.92424551 -0.26019234
35511.24 15829.211 0.91947652 -0.25899243
35512.16 15829.462 0.91117676 -0.26010517
35513.07 15829.713 0.91553829 -0.2627026
35513.99 15829.964 0.91145597 -0.25999765
35514.91 15830.215 0.90607085 -0.26364182
35515.82 15830.466 0.91185979 -0.25929958
35516.73 15830.717 0.90357167 -0.26215116
35517.65 15830.968 0.90124473 -0.26163104
35518.57 15831.219 0.90160501 -0.26502298
35519.49 15831.470 0.89866626 -0.26132244
35520.40 15831.721 0.8955239 -0.26630761
35521.32 15831.971 0.89647443 -0.2684971
35522.23 15832.222 0.89334787 -0.26956036
35523.15 15832.473 0.89053304 -0.27066119
35524.07 15832.724 0.89418643 -0.27479007
35524.98 15832.975 0.89352221 -0.27205067
35525.89 15833.226 0.89181839 -0.26706311
35526.81 15833.477 0.88785578 -0.27222208
35527.73 15833.728 0.89003532 -0.27550158
35528.64 15833.979 0.89032199 -0.27420688
35529.56 15834.230 0.89167662 -0.27353548
35530.47 15834.481 0.88583516 -0.28709181
35531.39 15834.731 0.88595203 -0.28103182
35532.30 15834.982 0.88681725 -0.28079978
35533.22 15835.233 0.88687898 -0.28326011
35534.14 15835.484 0.88654633 -0.28578
35535.05 15835.735 0.8839915 -0.28311266
35535.97 15835.986 0.88674994 -0.28484402
35536.89 15836.237 0.89001855 -0.27936787
35537.80 15836.488 0.88579827 -0.2815197
35538.72 15836.739 0.87737925 -0.28553134
35539.63 15836.990 0.88585699 -0.28714476
35540.55 15837.241 0.87834201 -0.28580331
35541.47 15837.491 0.88476202 -0.28142887
35542.38 15837.742 0.8820175 -0.28108323
35543.30 15837.993 0.88485177 -0.28834887
35544.21 15838.244 0.8873389 -0.28388243
35545.13 15838.495 0.88381995 -0.29009001
35546.04 15838.746 0.88261129 -0.29078745
35546.96 15838.997 0.88219895 -0.28373108
35547.88 15839.248 0.87709338 -0.28662964
35548.79 15839.499 0.87673999 -0.29262011
35549.71 15839.750 0.8785666 -0.28603648
35550.63 15840.001 0.88111011 -0.29053086
35551.54 15840.251 0.88186664 -0.28572757
35552.46 15840.502 0.88233776 -0.29032967
35553.37 15840.753 0.88164262 -0.28008796
35554.29 15841.004 0.88481829 -0.28644908
35555.20 15841.255 0.879894 -0.29190545
35556.12 15841.506 0.88503208 -0.2918627
