# Sweep from 15806.475Hz to 15842.675Hz step 0.3016666666666576Hz delay 0.8s
# Excitation 0.002956Vpp attenuator 0 dB
# time(s), freq(Hz), absorption(nA), dispersion(nA)
76741.60 15806.475 3.3429844 -0.41274404
76742.42 15806.777 3.3439233 -0.41792387
76743.23 15807.078 3.3408608 -0.41491478
76744.05 15807.380 3.3410456 -0.41705894
76744.86 15807.682 3.3407021 -0.41510896
76745.68 15807.983 3.3439617 -0.41908007
76746.50 15808.285 3.3438976 -0.41607208
76747.31 15808.587 3.3436904 -0.41869151
76748.13 15808.888 3.3450058 -0.42192357
76748.95 15809.190 3.3478755 -0.42124304
76749.77 15809.492 3.3495444 -0.41633396
76750.58 15809.793 3.3431163 -0.42332604
76751.40 15810.095 3.3520962 -0.42755343
76752.21 15810.397 3.3476513 -0.42143068
76753.03 15810.698 3.3467406 -0.42514503
76753.85 15811.000 3.3430217 -0.42653693
76754.66 15811.302 3.3521137 -0.42914095
76755.48 15811.603 3.3499646 -0.42636719
76756.29 15811.905 3.3464335 -0.42525133
76757.10 15812.207 3.3502567 -0.42818462
76757.92 15812.508 3.3560777 -0.43682437
76758.73 15812.810 3.3561817 -0.43527464
76759.55 15813.112 3.3565059 -0.43429912
76760.37 15813.413 3.3647325 -0.43947938
76761.18 15813.715 3.3590386 -0.43732891
76762.00 15814.017 3.3561184 -0.43991236
76762.82 15814.318 3.3575043 -0.44271073
76763.63 15814.620 3.3579099 -0.4374939
76764.45 15814.922 3.3645224 -0.44942405
76765.27 15815.223 3.3625979 -0.43977923
76766.08 15815.525 3.361351 -0.44566244
76766.90 15815.827 3.3621582 -0.44971972
76767.72 15816.128 3.3673368 -0.45573486
76768.53 15816.430 3.3672338 -0.45523848
76769.35 15816.732 3.3736678 -0.45618901
76770.17 15817.033 3.3728672 -0.45804407
76770.98 15817.335 3.378681 -0.46054822
76771.80 15817.637 3.3724973 -0.46575695
76772.61 15817.938 3.3779888 -0.46338474
76773.43 15818.240 3.3871345 -0.46834759
76774.24 15818.542 3.3846568 -0.47191884
76775.06 15818.843 3.390425 -0.47470502
76775.87 15819.145 3.3937029 -0.47430552
76776.69 15819.447 3.4043051 -0.48149275
76777.51 15819.748 3.4108832 -0.48783232
76778.32 15820.050 3.4147724 -0.491859
76779.14 15820.352 3.4224379 -0.49658621
76779.95 15820.653 3.4280263 -0.50165028
76780.77 15820.955 3.4506343 -0.4963735
76781.58 15821.257 3.4601576 -0.50785445
76782.40 15821.558 3.4706934 -0.51085902
76783.22 15821.860 3.4941907 -0.51229733
76784.03 15822.162 3.5223368 -0.51037637
76784.85 15822.463 3.555253 -0.49904156
76785.66 15822.765 3.5849373 -0.48090413
76786.48 15823.067 3.6297749 -0.44438693
76787.30 15823.368 3.6463568 -0.40899008
76788.12 15823.670 3.6558788 -0.36805062
76788.94 15823.972 3.6553874 -0.33676949
76789.76 15824.273 3.6379768 -0.32131396
76790.57 15824.575 3.636613 -0.29551319
76791.39 15824.877 3.6217652 -0.27431028
76792.21 15825.178 3.6110878 -0.25661876
76793.02 15825.480 3.5958542 -0.24639513
76793.84 15825.782 3.5838291 -0.24024564
76794.65 15826.083 3.5680264 -0.23127997
76795.47 15826.385 3.5486478 -0.22814359
76796.29 15826.687 3.5345463 -0.21639573
76797.10 15826.988 3.5245823 -0.2214848
76797.92 15827.290 3.5172659 -0.21627089
76798.73 15827.592 3.4999466 -0.21541121
76799.55 15827.893 3.4947541 -0.2166567
76800.36 15828.195 3.4827515 -0.21834563
76801.17 15828.497 3.4738002 -0.21500931
76801.99 15828.798 3.4594864 -0.21768724
76802.81 15829.100 3.4505053 -0.21881372
76803.63 15829.402 3.4474126 -0.22166229
76804.44 15829.703 3.4441061 -0.22503195
76805.26 15830.005 3.4379318 -0.2238756
76806.07 15830.307 3.4248865 -0.23040974
76806.89 15830.608 3.4206121 -0.23193992
76807.71 15830.910 3.4118852 -0.23482386
76808.52 15831.212 3.4103336 -0.23889305
76809.34 15831.513 3.4001707 -0.24044493
76810.16 15831.815 3.4054058 -0.24641432
76810.97 15832.117 3.3954002 -0.24612154
76811.78 15832.418 3.3955148 -0.25041973
76812.60 15832.720 3.3885653 -0.2534627
76813.42 15833.022 3.3786891 -0.25467261
76814.24 15833.323 3.3797442 -0.26106929
76815.06 15833.625 3.3784136 -0.26076063
76815.87 15833.927 3.3774577 -0.2645252
76816.69 15834.228 3.369702 -0.26642718
76817.51 15834.530 3.3681511 -0.26811711
76818.32 15834.832 3.3690958 -0.26726499
76819.14 15835.133 3.3715032 -0.27862896
76819.95 15835.435 3.3643121 -0.27227503
76820.77 15835.737 3.3653541 -0.278599
76821.58 15836.038 3.3597223 -0.27367628
76822.40 15836.340 3.3615372 -0.27953078
76823.22 15836.642 3.3631379 -0.28121818
76824.03 15836.943 3.3538317 -0.28250929
76824.85 15837.245 3.356022 -0.288206
76825.66 15837.547 3.3545066 -0.28706521
76826.48 15837.848 3.3531046 -0.2913801
76827.29 15838.150 3.3579111 -0.29383693
76828.11 15838.452 3.3498898 -0.29276282
76828.93 15838.753 3.3495264 -0.2999839
76829.74 15839.055 3.3455383 -0.29562037
76830.56 15839.357 3.3487204 -0.29869571
76831.38 15839.658 3.347132 -0.29622785
76832.19 15839.960 3.3507663 -0.29805025
76833.01 15840.262 3.3529434 -0.30290195
76833.83 15840.563 3.3455501 -0.29869756
76834.64 15840.865 3.3436972 -0.30296735
76835.46 15841.167 3.3455806 -0.30717109
76836.27 15841.468 3.3464926 -0.30275044
76837.09 15841.770 3.3448678 -0.30962394
76837.91 15842.072 3.3494307 -0.30469425
76838.73 15842.373 3.3391943 -0.30925139
76839.54 15842.675 3.342155 -0.30377959
