# Sweep from 15838.622Hz to 15815.383Hz step -0.19365833333332982Hz delay 0.9s
# Excitation 0.000553Vpp attenuator 0 dB
# time(s), freq(Hz), absorption(nA), dispersion(nA)
32643.61 15838.622 0.61752229 -0.28114698
32644.52 15838.428 0.61610854 -0.28808233
32645.44 15838.235 0.61555755 -0.27931489
32646.35 15838.041 0.61513839 -0.28587328
32647.27 15837.847 0.61775819 -0.28344996
32648.19 15837.654 0.61808828 -0.2836556
32649.10 15837.460 0.62424448 -0.28421033
32650.02 15837.266 0.61478892 -0.28602295
32650.93 15837.073 0.61798193 -0.28735164
32651.85 15836.879 0.61929325 -0.28183766
32652.76 15836.685 0.62300154 -0.28558102
32653.68 15836.492 0.62171392 -0.28235095
32654.59 15836.298 0.621818 -0.28429926
32655.51 15836.104 0.61710011 -0.28387154
32656.43 15835.911 0.62247676 -0.28779627
32657.34 15835.717 0.61841024 -0.28018169
32658.26 15835.523 0.61930871 -0.28419782
32659.17 15835.330 0.62086002 -0.27700133
32660.09 15835.136 0.61896623 -0.28339625
32661.00 15834.942 0.61826438 -0.28110031
32661.92 15834.749 0.61577322 -0.28133692
32662.83 15834.555 0.62788433 -0.28011698
32663.75 15834.362 0.61807634 -0.28146215
32664.67 15834.168 0.61779298 -0.28108468
32665.58 15833.974 0.6191525 -0.28217582
32666.50 15833.781 0.62199939 -0.27701429
32667.41 15833.587 0.62514181 -0.28406592
32668.32 15833.393 0.61811954 -0.28173844
32669.24 15833.200 0.62405434 -0.28005468
32670.15 15833.006 0.62429058 -0.27201531
32671.07 15832.812 0.62810761 -0.27371141
32671.99 15832.619 0.62092175 -0.27613913
32672.90 15832.425 0.62720432 -0.27750048
32673.82 15832.231 0.62378786 -0.27497939
32674.73 15832.038 0.62473219 -0.27366542
32675.65 15831.844 0.63130477 -0.27074213
32676.57 15831.650 0.62678299 -0.26637545
32677.48 15831.457 0.6354054 -0.2747455
32678.40 15831.263 0.62833578 -0.27063956
32679.31 15831.069 0.63095177 -0.26544078
32680.22 15830.876 0.62777059 -0.26713766
32681.14 15830.682 0.63355577 -0.26660476
32682.05 15830.488 0.63358436 -0.25898507
32682.96 15830.295 0.63824552 -0.26441231
32683.88 15830.101 0.64156666 -0.26074261
32684.80 15829.907 0.64424717 -0.2602045
32685.71 15829.714 0.6408365 -0.26043057
32686.63 15829.520 0.64888923 -0.25645781
32687.55 15829.326 0.65315231 -0.25772351
32688.46 15829.133 0.65286872 -0.25937038
32689.38 15828.939 0.66260475 -0.25701144
32690.30 15828.745 0.66104525 -0.25428005
32691.22 15828.552 0.67422945 -0.25862749
32692.14 15828.358 0.67793013 -0.25660154
32693.05 15828.164 0.68113809 -0.2676673
32693.97 15827.971 0.68337607 -0.26950084
32694.89 15827.777 0.69223995 -0.27121482
32695.80 15827.583 0.69288035 -0.27590886
32696.72 15827.390 0.69973311 -0.28795972
32697.63 15827.196 0.70379656 -0.29555224
32698.55 15827.002 0.69778577 -0.30063615
32699.46 15826.809 0.69983821 -0.30867679
32700.38 15826.615 0.69415495 -0.31442264
32701.29 15826.422 0.69598724 -0.32551296
32702.21 15826.228 0.69040777 -0.34060957
32703.12 15826.034 0.68211153 -0.33348766
32704.04 15825.841 0.67791677 -0.33483352
32704.96 15825.647 0.67425208 -0.34653118
32705.87 15825.453 0.66776653 -0.3426255
32706.79 15825.260 0.66984393 -0.34414393
32707.70 15825.066 0.66296434 -0.34477856
32708.62 15824.872 0.65457897 -0.34427961
32709.54 15824.679 0.65139699 -0.34101555
32710.46 15824.485 0.65017031 -0.33760932
32711.38 15824.291 0.64778237 -0.34593884
32712.29 15824.098 0.63963648 -0.3401845
32713.20 15823.904 0.64766198 -0.33976863
32714.12 15823.710 0.64272615 -0.33592627
32715.04 15823.517 0.64226128 -0.33676554
32715.95 15823.323 0.63699355 -0.33798918
32716.87 15823.129 0.6400154 -0.33502425
32717.78 15822.936 0.64010948 -0.33279201
32718.70 15822.742 0.63384948 -0.33835161
32719.62 15822.548 0.63118546 -0.33428881
32720.54 15822.355 0.62843816 -0.33281191
32721.46 15822.161 0.63428695 -0.32991284
32722.37 15821.967 0.63431889 -0.34007223
32723.29 15821.774 0.6292866 -0.33132605
32724.21 15821.580 0.62799779 -0.33252621
32725.12 15821.386 0.62797056 -0.32902804
32726.03 15821.193 0.62805316 -0.32678759
32726.95 15820.999 0.62408793 -0.3228626
32727.87 15820.805 0.62950346 -0.32334938
32728.78 15820.612 0.62862767 -0.32478587
32729.70 15820.418 0.62553426 -0.32842425
32730.62 15820.224 0.62731237 -0.33198731
32731.54 15820.031 0.62709984 -0.32464538
32732.45 15819.837 0.6270497 -0.3240236
32733.37 15819.643 0.62446622 -0.31921502
32734.28 15819.450 0.62045638 -0.31656714
32735.19 15819.256 0.62393605 -0.32168711
32736.11 15819.063 0.62167879 -0.32270162
32737.03 15818.869 0.62407156 -0.31953468
32737.95 15818.675 0.62620785 -0.32507916
32738.86 15818.482 0.61943257 -0.31421294
32739.78 15818.288 0.62239383 -0.3165155
32740.69 15818.094 0.62142811 -0.32002342
32741.61 15817.901 0.61586053 -0.31831772
32742.53 15817.707 0.61680521 -0.32369348
32743.44 15817.513 0.62483076 -0.3193212
32744.36 15817.320 0.61648723 -0.31959161
32745.27 15817.126 0.61517699 -0.31438361
32746.19 15816.932 0.62002846 -0.32042522
32747.10 15816.739 0.62198546 -0.31819513
32748.02 15816.545 0.61101173 -0.31708166
32748.94 15816.351 0.62064044 -0.31882482
32749.86 15816.158 0.61541539 -0.31254524
32750.78 15815.964 0.61881929 -0.31443389
32751.69 15815.770 0.62230151 -0.32242187
32752.61 15815.577 0.61463027 -0.31092688
32753.53 15815.383 0.61850074 -0.31967571
