# Sweep from 15814.808Hz to 15839.257Hz step 0.20374166666665589Hz delay 0.9s
# Excitation 0.000582Vpp attenuator 0 dB
# time(s), freq(Hz), absorption(nA), dispersion(nA)
30744.83 15814.808 0.64846876 -0.31345081
30745.75 15815.012 0.64800173 -0.31409516
30746.67 15815.215 0.6439202 -0.31854273
30747.58 15815.419 0.65217068 -0.31477771
30748.50 15815.623 0.64878793 -0.32454216
30749.42 15815.827 0.64996618 -0.31926231
30750.33 15816.030 0.64820699 -0.32446806
30751.25 15816.234 0.64894914 -0.31200597
30752.16 15816.438 0.64861723 -0.31735203
30753.08 15816.642 0.65310701 -0.31532619
30754.00 15816.845 0.65156854 -0.31552628
30754.91 15817.049 0.65309689 -0.32082588
30755.83 15817.253 0.65251527 -0.31922073
30756.74 15817.457 0.65309314 -0.31952635
30757.66 15817.660 0.65186288 -0.32037042
30758.58 15817.864 0.65594691 -0.32751947
30759.50 15818.068 0.65702631 -0.32337294
30760.42 15818.272 0.65137874 -0.32559356
30761.33 15818.475 0.65397859 -0.32643277
30762.25 15818.679 0.64888548 -0.31901808
30763.16 15818.883 0.65305551 -0.31923574
30764.08 15819.087 0.65433545 -0.3165471
30765.00 15819.290 0.65242659 -0.32639809
30765.91 15819.494 0.65999757 -0.32448307
30766.83 15819.698 0.65668479 -0.33047507
30767.75 15819.902 0.6588096 -0.32533197
30768.66 15820.105 0.65982096 -0.32751478
30769.58 15820.309 0.65583856 -0.3326127
30770.49 15820.513 0.65800054 -0.32674765
30771.40 15820.717 0.65826919 -0.33186745
30772.32 15820.920 0.65766153 -0.32616879
30773.23 15821.124 0.66023074 -0.33266605
30774.15 15821.328 0.66307842 -0.32676968
30775.07 15821.531 0.66493425 -0.33190307
30775.98 15821.735 0.66091906 -0.33065353
30776.90 15821.939 0.66164705 -0.32984769
30777.81 15822.143 0.66445881 -0.33681602
30778.72 15822.346 0.66702006 -0.33347928
30779.64 15822.550 0.66874685 -0.33532314
30780.56 15822.754 0.66948729 -0.33913389
30781.48 15822.958 0.67695134 -0.33103856
30782.39 15823.161 0.68156015 -0.33626856
30783.31 15823.365 0.68034547 -0.3370742
30784.22 15823.569 0.68784362 -0.33299227
30785.14 15823.773 0.68373583 -0.33977952
30786.05 15823.976 0.69168789 -0.33729336
30786.97 15824.180 0.68847618 -0.33885308
30787.89 15824.384 0.69082381 -0.33493873
30788.80 15824.588 0.68530966 -0.34158185
30789.72 15824.791 0.6879834 -0.34869427
30790.64 15824.995 0.70055688 -0.34464904
30791.55 15825.199 0.69694346 -0.34338748
30792.47 15825.403 0.70547924 -0.34315889
30793.39 15825.606 0.70634894 -0.34316895
30794.30 15825.810 0.71609247 -0.34727955
30795.22 15826.014 0.71750759 -0.33228665
30796.14 15826.218 0.72444817 -0.33416146
30797.05 15826.421 0.72858836 -0.32394416
30797.97 15826.625 0.73378772 -0.32127019
30798.88 15826.829 0.73775408 -0.31901638
30799.80 15827.033 0.74006454 -0.30428055
30800.72 15827.236 0.7400306 -0.29351227
30801.63 15827.440 0.7350439 -0.2902099
30802.55 15827.644 0.73555589 -0.28498204
30803.47 15827.847 0.73046573 -0.277265
30804.38 15828.051 0.71983919 -0.26603414
30805.30 15828.255 0.71358852 -0.26219749
30806.22 15828.459 0.71347142 -0.26061622
30807.13 15828.662 0.69967859 -0.25619843
30808.05 15828.866 0.69022803 -0.25739297
30808.96 15829.070 0.69336892 -0.25833498
30809.88 15829.274 0.68400158 -0.2555507
30810.79 15829.477 0.68192691 -0.25638292
30811.71 15829.681 0.68064219 -0.25597782
30812.63 15829.885 0.6744873 -0.25595966
30813.54 15830.089 0.67111966 -0.26432957
30814.46 15830.292 0.67097204 -0.26525288
30815.38 15830.496 0.67513417 -0.25999253
30816.29 15830.700 0.6638482 -0.26614765
30817.21 15830.904 0.66346951 -0.26952335
30818.12 15831.107 0.66540196 -0.26878169
30819.04 15831.311 0.66366579 -0.2665532
30819.96 15831.515 0.65531651 -0.26859655
30820.88 15831.719 0.66444494 -0.27183202
30821.79 15831.922 0.65956891 -0.26714451
30822.71 15832.126 0.66048744 -0.26639034
30823.63 15832.330 0.65812623 -0.27100327
30824.54 15832.534 0.65835286 -0.27614641
30825.46 15832.737 0.65576046 -0.27544041
30826.37 15832.941 0.65139125 -0.27081336
30827.29 15833.145 0.65571788 -0.27548171
30828.20 15833.348 0.65171508 -0.27634115
30829.12 15833.552 0.65122674 -0.27286731
30830.04 15833.756 0.65314674 -0.27872315
30830.96 15833.960 0.65378021 -0.28382453
30831.87 15834.163 0.65308689 -0.27505428
30832.79 15834.367 0.65212885 -0.2781378
30833.71 15834.571 0.65072112 -0.2822627
30834.63 15834.775 0.65734707 -0.28266157
30835.54 15834.978 0.65148475 -0.27669518
30836.46 15835.182 0.64906902 -0.27861421
30837.38 15835.386 0.65036335 -0.27899699
30838.29 15835.590 0.65148566 -0.28131262
30839.21 15835.793 0.64861626 -0.2832322
30840.13 15835.997 0.64777197 -0.27815815
30841.04 15836.201 0.64748053 -0.2815691
30841.96 15836.405 0.65501087 -0.28094576
30842.87 15836.608 0.64978053 -0.28593442
30843.79 15836.812 0.65081349 -0.28275599
30844.70 15837.016 0.64989035 -0.28262215
30845.62 15837.220 0.64696485 -0.28507648
30846.54 15837.423 0.64817959 -0.28486198
30847.45 15837.627 0.64820841 -0.28464098
30848.36 15837.831 0.64538574 -0.28419777
30849.28 15838.035 0.64716659 -0.28483163
30850.20 15838.238 0.65564944 -0.28726564
30851.11 15838.442 0.65028587 -0.2867132
30852.03 15838.646 0.6501561 -0.28234081
30852.94 15838.850 0.65262674 -0.28464834
30853.86 15839.053 0.64739254 -0.28677243
30854.77 15839.257 0.65034635 -0.28701572
