# Sweep from 15803.484Hz to 15847.193Hz step 0.3642416666666577Hz delay 0.8s
# Excitation 0.001452Vpp attenuator 0 dB
# time(s), freq(Hz), absorption(nA), dispersion(nA)
68638.99 15803.484 1.6126304 -0.34400071
68639.81 15803.848 1.6139369 -0.3481677
68640.62 15804.212 1.6155708 -0.34182284
68641.44 15804.577 1.6164601 -0.34861327
68642.26 15804.941 1.609088 -0.34873571
68643.08 15805.305 1.6142208 -0.34202
68643.89 15805.669 1.6161965 -0.35124356
68644.71 15806.034 1.6116464 -0.34376558
68645.53 15806.398 1.6108099 -0.34367326
68646.34 15806.762 1.6180686 -0.34868904
68647.16 15807.126 1.6182781 -0.34705741
68647.98 15807.491 1.6212972 -0.34528708
68648.79 15807.855 1.6160052 -0.34793587
68649.61 15808.219 1.6214594 -0.35188185
68650.43 15808.583 1.6168113 -0.35169947
68651.24 15808.948 1.6163734 -0.35006192
68652.05 15809.312 1.6178777 -0.3575513
68652.87 15809.676 1.6202554 -0.35052977
68653.68 15810.040 1.6178872 -0.36003851
68654.50 15810.405 1.621155 -0.35458746
68655.31 15810.769 1.616233 -0.35614539
68656.13 15811.133 1.6178892 -0.35496535
68656.95 15811.497 1.620097 -0.35438006
68657.77 15811.862 1.6201609 -0.35367432
68658.58 15812.226 1.618061 -0.35629918
68659.40 15812.590 1.6236899 -0.36023761
68660.22 15812.954 1.6261661 -0.35952601
68661.03 15813.319 1.6177207 -0.35869826
68661.85 15813.683 1.6279653 -0.36373274
68662.66 15814.047 1.6279073 -0.36298604
68663.48 15814.411 1.6222352 -0.3563388
68664.30 15814.775 1.6259219 -0.36111379
68665.12 15815.140 1.6241867 -0.36193833
68665.93 15815.504 1.6226942 -0.36684455
68666.75 15815.868 1.6322897 -0.3655835
68667.57 15816.232 1.6376681 -0.36600733
68668.38 15816.597 1.6356958 -0.36957394
68669.20 15816.961 1.6305723 -0.36488194
68670.02 15817.325 1.6387339 -0.36884308
68670.83 15817.689 1.6347939 -0.37590357
68671.65 15818.054 1.6364473 -0.37789243
68672.46 15818.418 1.6407844 -0.37411641
68673.28 15818.782 1.6496341 -0.37109734
68674.10 15819.146 1.6371715 -0.38327872
68674.91 15819.511 1.6532225 -0.37686402
68675.73 15819.875 1.6528526 -0.37384214
68676.55 15820.239 1.6560523 -0.38237116
68677.37 15820.603 1.657824 -0.38188836
68678.19 15820.968 1.6660787 -0.38701373
68679.00 15821.332 1.672231 -0.38588615
68679.82 15821.696 1.6731511 -0.38401961
68680.64 15822.060 1.6819033 -0.38264582
68681.46 15822.425 1.6941724 -0.38053682
68682.27 15822.789 1.6985092 -0.37979083
68683.09 15823.153 1.708913 -0.37751056
68683.90 15823.517 1.7144121 -0.3792081
68684.72 15823.882 1.7234865 -0.3748624
68685.53 15824.246 1.7262192 -0.35946888
68686.35 15824.610 1.7364375 -0.3453398
68687.17 15824.974 1.7442998 -0.33664719
68687.98 15825.338 1.7395446 -0.3190608
68688.80 15825.703 1.7469138 -0.30879855
68689.62 15826.067 1.7398096 -0.29677602
68690.44 15826.431 1.72921 -0.29007614
68691.25 15826.795 1.7181454 -0.27350043
68692.07 15827.160 1.7164996 -0.27329574
68692.88 15827.524 1.7004631 -0.26277405
68693.70 15827.888 1.7033931 -0.26060715
68694.52 15828.252 1.6894536 -0.25528951
68695.33 15828.617 1.6829844 -0.25826398
68696.15 15828.981 1.6801621 -0.26116842
68696.97 15829.345 1.6672248 -0.26223449
68697.78 15829.709 1.6680735 -0.26630821
68698.60 15830.074 1.6595206 -0.26067892
68699.41 15830.438 1.6532356 -0.26919912
68700.23 15830.802 1.6511364 -0.27147524
68701.05 15831.166 1.6489566 -0.26626941
68701.86 15831.531 1.6454642 -0.26775308
68702.68 15831.895 1.639227 -0.26707079
68703.50 15832.259 1.6445832 -0.2757335
68704.32 15832.623 1.6395634 -0.27084207
68705.13 15832.988 1.6321238 -0.2760502
68705.95 15833.352 1.6357617 -0.27512888
68706.76 15833.716 1.631277 -0.27970623
68707.58 15834.080 1.6317496 -0.27692943
68708.40 15834.445 1.6308185 -0.27501443
68709.22 15834.809 1.6258899 -0.27550661
68710.03 15835.173 1.630972 -0.28590719
68710.85 15835.537 1.6226977 -0.2817394
68711.66 15835.902 1.6225451 -0.28379608
68712.48 15836.266 1.6340466 -0.28484618
68713.29 15836.630 1.6239775 -0.28305644
68714.11 15836.994 1.6200187 -0.28718119
68714.93 15837.358 1.6224011 -0.28640616
68715.74 15837.723 1.6139611 -0.28915593
68716.56 15838.087 1.6167141 -0.28769932
68717.38 15838.451 1.6251714 -0.29108909
68718.19 15838.815 1.6245882 -0.29173739
68719.01 15839.180 1.6177316 -0.29433102
68719.82 15839.544 1.622244 -0.29394639
68720.64 15839.908 1.6214653 -0.29155825
68721.45 15840.272 1.6215106 -0.29679904
68722.27 15840.637 1.6185538 -0.29943865
68723.08 15841.001 1.6127435 -0.29466005
68723.90 15841.365 1.6190411 -0.29349013
68724.71 15841.729 1.6192876 -0.28956188
68725.53 15842.094 1.6227543 -0.29236276
68726.34 15842.458 1.6134616 -0.2957334
68727.16 15842.822 1.6166468 -0.29607421
68727.98 15843.186 1.6197519 -0.30033752
68728.80 15843.551 1.6160726 -0.29442933
68729.61 15843.915 1.6182536 -0.29735466
68730.43 15844.279 1.6243413 -0.2968132
68731.24 15844.643 1.6199339 -0.30118821
68732.06 15845.008 1.6116984 -0.2983524
68732.87 15845.372 1.6164034 -0.30080892
68733.69 15845.736 1.6179974 -0.2987509
68734.50 15846.100 1.6162689 -0.29998989
68735.32 15846.465 1.6141271 -0.29685339
68736.13 15846.829 1.6186025 -0.30164051
68736.95 15847.193 1.6121936 -0.29841712
