# Sweep from 15803.676Hz to 15847.019Hz step 0.36119166666667296Hz delay 0.8s
# Excitation 0.001247Vpp attenuator 0 dB
# time(s), freq(Hz), absorption(nA), dispersion(nA)
66465.00 15803.676 1.3917382 -0.33263939
66465.81 15804.037 1.3886694 -0.34156795
66466.63 15804.398 1.3924927 -0.34321263
66467.44 15804.760 1.3970154 -0.33761461
66468.26 15805.121 1.3888837 -0.33179307
66469.07 15805.482 1.3899879 -0.33931926
66469.89 15805.843 1.384583 -0.33779764
66470.71 15806.204 1.3858307 -0.34224848
66471.52 15806.566 1.3895029 -0.34276613
66472.34 15806.927 1.390761 -0.3366375
66473.15 15807.288 1.39417 -0.33938824
66473.96 15807.649 1.3922862 -0.34039499
66474.78 15808.010 1.3925162 -0.339097
66475.59 15808.371 1.3943577 -0.34163509
66476.41 15808.733 1.3886876 -0.34348827
66477.22 15809.094 1.3913386 -0.3449772
66478.04 15809.455 1.3900217 -0.34384581
66478.85 15809.816 1.3914178 -0.34330691
66479.67 15810.177 1.3967054 -0.3386632
66480.49 15810.539 1.3924251 -0.34276954
66481.30 15810.900 1.3947536 -0.34428686
66482.12 15811.261 1.3942567 -0.34321556
66482.93 15811.622 1.3931016 -0.34464074
66483.75 15811.983 1.3897662 -0.34968937
66484.56 15812.345 1.3939195 -0.34988187
66485.38 15812.706 1.3948417 -0.34529384
66486.19 15813.067 1.3919012 -0.34460342
66487.01 15813.428 1.3981233 -0.34512368
66487.83 15813.789 1.3956927 -0.34705315
66488.64 15814.151 1.4031101 -0.35117466
66489.46 15814.512 1.3972081 -0.34630551
66490.27 15814.873 1.3979618 -0.34882214
66491.09 15815.234 1.3999164 -0.35322913
66491.90 15815.595 1.4040992 -0.35409857
66492.72 15815.957 1.4007045 -0.3539997
66493.54 15816.318 1.4073266 -0.35204047
66494.35 15816.679 1.4028185 -0.35334745
66495.17 15817.040 1.4021341 -0.36339699
66495.98 15817.401 1.4025229 -0.36149748
66496.80 15817.762 1.4094048 -0.36025796
66497.61 15818.124 1.412788 -0.36110069
66498.43 15818.485 1.4120424 -0.36334166
66499.24 15818.846 1.4136674 -0.3568899
66500.06 15819.207 1.4157401 -0.3622346
66500.88 15819.568 1.4215279 -0.35951871
66501.70 15819.930 1.418011 -0.36435117
66502.52 15820.291 1.4208235 -0.37167985
66503.33 15820.652 1.4295777 -0.3682508
66504.15 15821.013 1.4357158 -0.36555122
66504.96 15821.374 1.4447181 -0.36963843
66505.78 15821.736 1.4378307 -0.36699973
66506.59 15822.097 1.4493693 -0.36972878
66507.41 15822.458 1.4558227 -0.36817679
66508.23 15822.819 1.4658353 -0.36168231
66509.04 15823.180 1.4682452 -0.36423364
66509.85 15823.542 1.4730316 -0.36140483
66510.67 15823.903 1.4779125 -0.35752015
66511.48 15824.264 1.4833491 -0.34404476
66512.30 15824.625 1.4936502 -0.334888
66513.11 15824.986 1.4941756 -0.32374001
66513.93 15825.347 1.4980227 -0.3096587
66514.75 15825.709 1.4897713 -0.30553124
66515.57 15826.070 1.491534 -0.2994353
66516.38 15826.431 1.4861929 -0.28586791
66517.20 15826.792 1.4779639 -0.28474983
66518.02 15827.153 1.4659126 -0.27976395
66518.83 15827.515 1.4654607 -0.27554182
66519.65 15827.876 1.4576242 -0.26776692
66520.47 15828.237 1.4503743 -0.26290925
66521.29 15828.598 1.4493218 -0.26430672
66522.10 15828.959 1.4370786 -0.26262364
66522.92 15829.321 1.4340761 -0.26511211
66523.74 15829.682 1.4316473 -0.26955442
66524.55 15830.043 1.424305 -0.26938105
66525.37 15830.404 1.4261738 -0.26398632
66526.19 15830.765 1.4193959 -0.26768379
66527.00 15831.127 1.4200939 -0.27286353
66527.82 15831.488 1.4153795 -0.27366855
66528.63 15831.849 1.4112164 -0.27446202
66529.45 15832.210 1.4104666 -0.26993064
66530.27 15832.571 1.4106412 -0.26999427
66531.08 15832.933 1.4032622 -0.27532045
66531.90 15833.294 1.4053525 -0.27434618
66532.72 15833.655 1.4032821 -0.27994929
66533.54 15834.016 1.3970483 -0.27391204
66534.35 15834.377 1.4034408 -0.28043519
66535.17 15834.738 1.4063668 -0.28140883
66535.99 15835.100 1.3961504 -0.28201319
66536.80 15835.461 1.3991048 -0.27851635
66537.62 15835.822 1.3956603 -0.2847747
66538.43 15836.183 1.3944052 -0.28271111
66539.25 15836.544 1.3956068 -0.27899958
66540.07 15836.906 1.3952796 -0.2832829
66540.88 15837.267 1.3961264 -0.28900706
66541.69 15837.628 1.3974272 -0.28877906
66542.51 15837.989 1.3957858 -0.29129362
66543.32 15838.350 1.3951545 -0.28916699
66544.14 15838.712 1.388695 -0.28875368
66544.96 15839.073 1.3883774 -0.28880177
66545.77 15839.434 1.3943073 -0.29027112
66546.59 15839.795 1.3897936 -0.29254548
66547.40 15840.156 1.3908946 -0.29597044
66548.22 15840.518 1.3918706 -0.2986468
66549.04 15840.879 1.3888471 -0.29156391
66549.85 15841.240 1.3918196 -0.29018079
66550.67 15841.601 1.3902813 -0.29306057
66551.48 15841.962 1.3922812 -0.29388559
66552.30 15842.324 1.3890615 -0.29819219
66553.11 15842.685 1.3910067 -0.29467088
66553.93 15843.046 1.3838423 -0.29747105
66554.75 15843.407 1.3896796 -0.29276839
66555.57 15843.768 1.391015 -0.29978338
66556.38 15844.129 1.3907355 -0.29518614
66557.20 15844.491 1.388342 -0.29618997
66558.01 15844.852 1.3880391 -0.29349738
66558.83 15845.213 1.3904718 -0.30430175
66559.65 15845.574 1.3915285 -0.29484792
66560.46 15845.935 1.3864551 -0.2944401
66561.27 15846.297 1.3904244 -0.29824645
66562.09 15846.658 1.3885519 -0.30412284
66562.91 15847.019 1.3877675 -0.29829019
