# Sweep from 15815.372Hz to 15838.379Hz step 0.19172500000001189Hz delay 0.9s
# Excitation 0.001071Vpp attenuator 0 dB
# time(s), freq(Hz), absorption(nA), dispersion(nA)
8391.00 15815.372 1.1940471 -0.34231994
8391.92 15815.564 1.1995384 -0.34966257
8392.84 15815.755 1.1989605 -0.340496
8393.76 15815.947 1.1952263 -0.34036017
8394.67 15816.139 1.1997785 -0.34285503
8395.59 15816.331 1.20047 -0.34763272
8396.51 15816.522 1.2001674 -0.34249416
8397.42 15816.714 1.1935651 -0.35011914
8398.34 15816.906 1.2000954 -0.34541199
8399.25 15817.098 1.1976715 -0.34375799
8400.17 15817.289 1.1962309 -0.34714239
8401.09 15817.481 1.2011212 -0.34766958
8402.01 15817.673 1.1975396 -0.35149625
8402.92 15817.864 1.1989205 -0.35098847
8403.84 15818.056 1.2000932 -0.35199744
8404.76 15818.248 1.1997646 -0.35463896
8405.67 15818.440 1.2009572 -0.35013542
8406.59 15818.631 1.2040003 -0.35076599
8407.51 15818.823 1.1991339 -0.35234601
8408.42 15819.015 1.202302 -0.35078688
8409.34 15819.207 1.202226 -0.35563667
8410.26 15819.398 1.2043456 -0.35878924
8411.17 15819.590 1.2020524 -0.36222201
8412.09 15819.782 1.2042499 -0.36111558
8413.00 15819.973 1.2039562 -0.35982299
8413.92 15820.165 1.2093093 -0.35939723
8414.83 15820.357 1.2043395 -0.36359117
8415.75 15820.549 1.2058935 -0.36347103
8416.66 15820.740 1.210755 -0.36463388
8417.58 15820.932 1.2077667 -0.36767446
8418.49 15821.124 1.2096532 -0.36774799
8419.41 15821.315 1.2128123 -0.36571424
8420.32 15821.507 1.2115555 -0.36945062
8421.24 15821.699 1.216757 -0.36924644
8422.16 15821.891 1.2186687 -0.36684403
8423.07 15822.082 1.2173062 -0.37691058
8423.99 15822.274 1.2184857 -0.3777304
8424.90 15822.466 1.221766 -0.37340786
8425.82 15822.658 1.2254859 -0.37796431
8426.74 15822.849 1.2264746 -0.3797594
8427.66 15823.041 1.221987 -0.38233665
8428.57 15823.233 1.2330843 -0.38045997
8429.48 15823.424 1.2346804 -0.38388276
8430.40 15823.616 1.2359802 -0.38770347
8431.32 15823.808 1.2440694 -0.38941687
8432.23 15824.000 1.2455464 -0.39231358
8433.15 15824.191 1.2421029 -0.39459113
8434.06 15824.383 1.2532965 -0.39652613
8434.97 15824.575 1.2579842 -0.40593443
8435.89 15824.767 1.2632634 -0.39897961
8436.80 15824.958 1.2768596 -0.39704219
8437.72 15825.150 1.2873003 -0.40156877
8438.64 15825.342 1.2956135 -0.40169292
8439.56 15825.533 1.3088002 -0.3954728
8440.48 15825.725 1.3161088 -0.38464265
8441.39 15825.917 1.3366185 -0.37726278
8442.30 15826.109 1.3450883 -0.36897043
8443.22 15826.300 1.3604687 -0.35541299
8444.13 15826.492 1.3708333 -0.32964945
8445.05 15826.684 1.369145 -0.30743544
8445.97 15826.876 1.3728492 -0.28816592
8446.88 15827.067 1.3630598 -0.27108908
8447.80 15827.259 1.3572668 -0.26624465
8448.71 15827.451 1.3478996 -0.25255522
8449.63 15827.642 1.3468067 -0.24583366
8450.55 15827.834 1.3401302 -0.24337399
8451.46 15828.026 1.3278183 -0.23631924
8452.37 15828.218 1.3107805 -0.23676952
8453.29 15828.409 1.3036364 -0.2312394
8454.21 15828.601 1.2941445 -0.22659977
8455.12 15828.793 1.2890551 -0.22602681
8456.03 15828.984 1.2773487 -0.22237052
8456.94 15829.176 1.2702562 -0.22535521
8457.86 15829.368 1.265292 -0.22919305
8458.78 15829.560 1.2577351 -0.23143247
8459.69 15829.751 1.2505608 -0.23742749
8460.61 15829.943 1.2476455 -0.22710303
8461.52 15830.135 1.2466652 -0.22859507
8462.44 15830.327 1.240494 -0.23745076
8463.35 15830.518 1.2376953 -0.24203425
8464.27 15830.710 1.2335317 -0.24244139
8465.19 15830.902 1.2285362 -0.24600686
8466.10 15831.093 1.2255082 -0.24712327
8467.02 15831.285 1.2264068 -0.24916929
8467.93 15831.477 1.2162781 -0.24546873
8468.85 15831.669 1.2168235 -0.25552123
8469.76 15831.860 1.2149327 -0.25472957
8470.68 15832.052 1.2144509 -0.25521874
8471.60 15832.244 1.2174118 -0.25469487
8472.51 15832.436 1.2083844 -0.26265971
8473.43 15832.627 1.2112166 -0.25936177
8474.34 15832.819 1.2109377 -0.2612739
8475.25 15833.011 1.2096905 -0.26309161
8476.17 15833.202 1.2042809 -0.26515968
8477.08 15833.394 1.2045446 -0.26584689
8478.00 15833.586 1.2027094 -0.26216654
8478.91 15833.778 1.20702 -0.26646632
8479.83 15833.969 1.2040329 -0.26927876
8480.74 15834.161 1.2036147 -0.27476469
8481.66 15834.353 1.2033137 -0.27333883
8482.58 15834.544 1.1979868 -0.27101302
8483.49 15834.736 1.2055569 -0.27390411
8484.41 15834.928 1.1983915 -0.27595965
8485.33 15835.120 1.1985243 -0.27539451
8486.25 15835.311 1.2023338 -0.27641863
8487.16 15835.503 1.200361 -0.27837095
8488.08 15835.695 1.1995169 -0.27184299
8488.99 15835.887 1.204819 -0.27005035
8489.90 15836.078 1.2019092 -0.28153423
8490.82 15836.270 1.1924196 -0.28183308
8491.73 15836.462 1.200664 -0.27454257
8492.65 15836.653 1.2000634 -0.2791557
8493.56 15836.845 1.2004074 -0.27891735
8494.47 15837.037 1.1965724 -0.2848416
8495.39 15837.229 1.1970041 -0.27639828
8496.30 15837.420 1.197649 -0.28304964
8497.22 15837.612 1.1975145 -0.28312613
8498.14 15837.804 1.1954721 -0.28407607
8499.05 15837.996 1.1919482 -0.28090619
8499.97 15838.187 1.1977224 -0.28641389
8500.88 15838.379 1.1957446 -0.28530522
