# Sweep from 15803.814Hz to 15846.837Hz step 0.3585249999999936Hz delay 0.8s
# Excitation 0.001312Vpp attenuator 0 dB
# time(s), freq(Hz), absorption(nA), dispersion(nA)
67255.53 15803.814 1.4619779 -0.33699223
67256.34 15804.173 1.464406 -0.33696438
67257.16 15804.531 1.4648724 -0.34079363
67257.97 15804.890 1.4599327 -0.34140274
67258.79 15805.248 1.4622847 -0.3412774
67259.60 15805.607 1.4554518 -0.34137634
67260.42 15805.965 1.4615567 -0.33990622
67261.24 15806.324 1.4623629 -0.33422802
67262.05 15806.682 1.4552987 -0.3364307
67262.87 15807.041 1.4589637 -0.34329054
67263.68 15807.399 1.4621821 -0.34070027
67264.50 15807.758 1.4645295 -0.34379465
67265.31 15808.116 1.4643706 -0.34181573
67266.13 15808.475 1.4666666 -0.33938133
67266.95 15808.833 1.4642934 -0.34586731
67267.77 15809.192 1.4644718 -0.34690456
67268.59 15809.550 1.4634483 -0.34287251
67269.40 15809.909 1.4622767 -0.34338638
67270.22 15810.267 1.4674116 -0.34567751
67271.04 15810.626 1.4679772 -0.35067478
67271.85 15810.985 1.4669841 -0.34583968
67272.67 15811.343 1.4652077 -0.34731443
67273.49 15811.702 1.4666014 -0.3468092
67274.30 15812.060 1.4684369 -0.34687463
67275.12 15812.419 1.4642014 -0.3491221
67275.93 15812.777 1.4723194 -0.35652107
67276.75 15813.136 1.477232 -0.35158126
67277.56 15813.494 1.4742972 -0.35560447
67278.38 15813.853 1.4726777 -0.36071157
67279.20 15814.211 1.4727706 -0.35413001
67280.01 15814.570 1.4677341 -0.35467457
67280.83 15814.928 1.4745928 -0.3582652
67281.64 15815.287 1.4712764 -0.35973846
67282.46 15815.645 1.4725044 -0.3566407
67283.28 15816.004 1.4724428 -0.35727464
67284.09 15816.362 1.4769404 -0.35674626
67284.91 15816.721 1.4733663 -0.35756645
67285.73 15817.079 1.4807903 -0.36226558
67286.54 15817.438 1.4775832 -0.36188746
67287.36 15817.796 1.4808338 -0.36815092
67288.17 15818.155 1.4881855 -0.35790544
67288.99 15818.514 1.4850984 -0.37205314
67289.81 15818.872 1.4927793 -0.37266159
67290.62 15819.231 1.4872154 -0.36689372
67291.44 15819.589 1.4909664 -0.37127879
67292.26 15819.948 1.500116 -0.37346271
67293.07 15820.306 1.5040586 -0.37455368
67293.89 15820.665 1.5010577 -0.37729137
67294.71 15821.023 1.5049404 -0.37919045
67295.52 15821.382 1.5089091 -0.3730263
67296.34 15821.740 1.51304 -0.37488678
67297.15 15822.099 1.5205294 -0.37804872
67297.97 15822.457 1.53364 -0.37257232
67298.78 15822.816 1.5351499 -0.37019873
67299.60 15823.174 1.5435199 -0.37045109
67300.41 15823.533 1.5504695 -0.37110848
67301.23 15823.891 1.5556351 -0.35472354
67302.04 15824.250 1.5575411 -0.34736269
67302.86 15824.608 1.573174 -0.34381307
67303.67 15824.967 1.5709221 -0.32747641
67304.55 15825.325 1.5755228 -0.32204164
67305.36 15825.684 1.5762089 -0.30608436
67306.17 15826.043 1.5755767 -0.30393596
67306.99 15826.401 1.5632422 -0.28471862
67307.81 15826.760 1.5571901 -0.28064227
67308.63 15827.118 1.5487758 -0.27606865
67309.45 15827.477 1.5403165 -0.26902919
67310.26 15827.835 1.5341678 -0.26536927
67311.08 15828.194 1.5311517 -0.26559772
67311.89 15828.552 1.5179182 -0.26498512
67312.71 15828.911 1.514381 -0.26143832
67313.53 15829.269 1.5055242 -0.26014618
67314.34 15829.628 1.5025463 -0.26885382
67315.16 15829.986 1.5057386 -0.26208571
67315.97 15830.345 1.5005829 -0.26443414
67316.79 15830.703 1.4922937 -0.26345651
67317.60 15831.062 1.4933372 -0.26868273
67318.42 15831.420 1.4820444 -0.26755922
67319.24 15831.779 1.4859897 -0.26758917
67320.06 15832.137 1.4871695 -0.27229572
67320.87 15832.496 1.4792117 -0.2797114
67321.69 15832.855 1.4799119 -0.2757653
67322.51 15833.213 1.473103 -0.27479001
67323.32 15833.572 1.4758622 -0.28179204
67324.14 15833.930 1.4754462 -0.2799535
67324.96 15834.289 1.4766624 -0.28093604
67325.78 15834.647 1.4718477 -0.28218093
67326.59 15835.006 1.4701749 -0.28205821
67327.40 15835.364 1.4709652 -0.28443432
67328.22 15835.723 1.4740598 -0.2821476
67329.04 15836.081 1.4714292 -0.28512849
67329.85 15836.440 1.4665112 -0.28351838
67330.67 15836.798 1.4666617 -0.28597711
67331.48 15837.157 1.470237 -0.29034976
67332.30 15837.515 1.4711651 -0.28832017
67333.11 15837.874 1.4736261 -0.29531847
67333.93 15838.232 1.4650972 -0.28954437
67334.75 15838.591 1.4623722 -0.2912075
67335.57 15838.949 1.4732766 -0.29209463
67336.38 15839.308 1.4684651 -0.29271609
67337.20 15839.666 1.4672462 -0.29508459
67338.02 15840.025 1.4726504 -0.29195618
67338.84 15840.384 1.4640942 -0.29115043
67339.65 15840.742 1.4661367 -0.29922529
67340.46 15841.101 1.464475 -0.29494717
67341.28 15841.459 1.4626615 -0.29342854
67342.09 15841.818 1.4636865 -0.29098484
67342.91 15842.176 1.4645555 -0.2921216
67343.73 15842.535 1.468874 -0.29571893
67344.54 15842.893 1.4616807 -0.294335
67345.36 15843.252 1.4628087 -0.29048499
67346.17 15843.610 1.4637685 -0.29294003
67346.99 15843.969 1.4594186 -0.29537108
67347.80 15844.327 1.4626988 -0.296884
67348.62 15844.686 1.4621484 -0.29839754
67349.44 15845.044 1.4594451 -0.29832543
67350.25 15845.403 1.4634265 -0.29791616
67351.06 15845.761 1.4637667 -0.2967686
67351.88 15846.120 1.4608119 -0.30021229
67352.69 15846.478 1.4633737 -0.29953753
67353.51 15846.837 1.4589787 -0.29939449
