# Sweep from 15806.612Hz to 15841.245Hz step 0.2886083333333469Hz delay 0.8s
# Excitation 0.003443Vpp attenuator 0 dB
# time(s), freq(Hz), absorption(nA), dispersion(nA)
78323.23 15806.612 3.8869534 -0.43804292
78324.04 15806.901 3.8840153 -0.43479147
78324.86 15807.189 3.8870357 -0.43378802
78325.67 15807.478 3.8834578 -0.43854172
78326.48 15807.766 3.889083 -0.43912655
78327.30 15808.055 3.8842563 -0.44217313
78328.11 15808.344 3.8871704 -0.43453113
78328.93 15808.632 3.8857688 -0.44208721
78329.75 15808.921 3.8915723 -0.43946784
78330.56 15809.209 3.8871076 -0.44089964
78331.38 15809.498 3.8875369 -0.44419295
78332.19 15809.787 3.8887301 -0.44171193
78333.01 15810.075 3.888209 -0.44678532
78333.82 15810.364 3.8851786 -0.44684938
78334.64 15810.653 3.8913145 -0.44529955
78335.46 15810.941 3.888938 -0.44921092
78336.27 15811.230 3.8922085 -0.44907387
78337.09 15811.518 3.889711 -0.45126387
78337.91 15811.807 3.8922035 -0.46047185
78338.72 15812.096 3.8918793 -0.45859505
78339.54 15812.384 3.8948006 -0.4525117
78340.36 15812.673 3.8925555 -0.45730786
78341.18 15812.961 3.8974631 -0.45982566
78342.00 15813.250 3.9018846 -0.46022254
78342.81 15813.539 3.9056335 -0.46596455
78343.63 15813.827 3.8982798 -0.46268039
78344.45 15814.116 3.9044098 -0.46203908
78345.27 15814.404 3.9044171 -0.46934562
78346.09 15814.693 3.9032084 -0.47235451
78346.90 15814.982 3.9058655 -0.46924026
78347.72 15815.270 3.9048955 -0.47546746
78348.54 15815.559 3.9130923 -0.47444473
78349.36 15815.847 3.9120209 -0.47590657
78350.18 15816.136 3.9223382 -0.47841837
78350.99 15816.425 3.9152169 -0.48473385
78351.81 15816.713 3.9217784 -0.48802951
78352.63 15817.002 3.9216138 -0.48947572
78353.44 15817.291 3.9271354 -0.48618745
78354.26 15817.579 3.9244537 -0.49919743
78355.08 15817.868 3.929038 -0.50022021
78355.89 15818.156 3.9354695 -0.50360006
78356.71 15818.445 3.9368001 -0.50356425
78357.52 15818.734 3.9401275 -0.50454742
78358.34 15819.022 3.9452539 -0.5088969
78359.16 15819.311 3.9567476 -0.51508187
78359.97 15819.599 3.9592032 -0.52276471
78360.79 15819.888 3.9656957 -0.52319166
78361.60 15820.177 3.9813581 -0.53684028
78362.42 15820.465 3.9882561 -0.53692804
78363.24 15820.754 4.0063919 -0.54197693
78364.05 15821.042 4.0213877 -0.54761688
78364.87 15821.331 4.0386767 -0.5536744
78365.69 15821.620 4.0698646 -0.55085974
78366.51 15821.908 4.1207559 -0.54363261
78367.32 15822.197 4.1902022 -0.50818232
78368.14 15822.485 4.2644942 -0.41799964
78368.95 15822.774 4.2642018 -0.36776208
78369.77 15823.063 4.2249294 -0.37178728
78370.59 15823.351 4.2550705 -0.30596175
78371.40 15823.640 4.2425786 -0.28649438
78372.22 15823.928 4.2302759 -0.26663079
78373.03 15824.217 4.2150486 -0.25424399
78373.85 15824.506 4.2025172 -0.24453362
78374.67 15824.794 4.1892658 -0.23197035
78375.48 15825.083 4.1714084 -0.22071453
78376.30 15825.372 4.1601998 -0.21554415
78377.11 15825.660 4.1419853 -0.20590618
78377.93 15825.949 4.1336048 -0.19995137
78378.74 15826.237 4.1218218 -0.20563164
78379.56 15826.526 4.1072012 -0.20005321
78380.38 15826.815 4.0901996 -0.2038514
78381.20 15827.103 4.0801197 -0.19472105
78382.01 15827.392 4.0646773 -0.20023882
78382.83 15827.680 4.0510931 -0.20312098
78383.65 15827.969 4.0464383 -0.2012104
78384.46 15828.258 4.0289206 -0.20100754
78385.28 15828.546 4.027484 -0.20300043
78386.10 15828.835 4.0131918 -0.20539322
78386.91 15829.123 4.0091331 -0.20598382
78387.73 15829.412 4.0020209 -0.20996227
78388.55 15829.701 3.9916426 -0.21275255
78389.36 15829.989 3.9798388 -0.21747664
78390.18 15830.278 3.9757356 -0.22235218
78391.00 15830.566 3.9708793 -0.22189491
78391.81 15830.855 3.966446 -0.2217399
78392.63 15831.144 3.9607139 -0.22648959
78393.44 15831.432 3.9541028 -0.23458782
78394.26 15831.721 3.94875 -0.23257033
78395.08 15832.010 3.9421825 -0.2466968
78395.90 15832.298 3.9380971 -0.24646812
78396.72 15832.587 3.936887 -0.24867131
78397.53 15832.875 3.9285546 -0.24702356
78398.35 15833.164 3.927225 -0.25141296
78399.17 15833.453 3.9235592 -0.25674117
78399.98 15833.741 3.926988 -0.25905663
78400.80 15834.030 3.9226938 -0.25859606
78401.61 15834.318 3.9190722 -0.26913702
78402.42 15834.607 3.9185256 -0.26851441
78403.24 15834.896 3.9153915 -0.27452731
78404.05 15835.184 3.9080846 -0.2677196
78404.87 15835.473 3.916422 -0.27123858
78405.68 15835.761 3.9138426 -0.27791052
78406.50 15836.050 3.9081592 -0.27825209
78407.31 15836.339 3.9087731 -0.27986803
78408.13 15836.627 3.9015072 -0.2885327
78408.94 15836.916 3.9072797 -0.28383656
78409.76 15837.204 3.9016695 -0.28644985
78410.58 15837.493 3.9004335 -0.29000822
78411.40 15837.782 3.897218 -0.28810072
78412.22 15838.070 3.8962608 -0.28655435
78413.03 15838.359 3.9006868 -0.29009297
78413.85 15838.648 3.8987282 -0.28828677
78414.66 15838.936 3.8939088 -0.28761781
78415.48 15839.225 3.8945809 -0.30107907
78416.29 15839.513 3.8972071 -0.29990673
78417.11 15839.802 3.8925459 -0.29631514
78417.92 15840.091 3.8929288 -0.30170344
78418.74 15840.379 3.8902326 -0.30289772
78419.56 15840.668 3.8884587 -0.30544268
78420.37 15840.956 3.8896196 -0.304065
78421.19 15841.245 3.8878402 -0.30486279
