# Sweep from 15841.927Hz to 15806.453Hz step -0.295616666666668Hz delay 0.8s
# Excitation 0.003272Vpp attenuator 0 dB
# time(s), freq(Hz), absorption(nA), dispersion(nA)
77828.94 15841.927 3.6977469 -0.31217195
77829.75 15841.631 3.6985323 -0.30980897
77830.57 15841.336 3.7020518 -0.3056509
77831.39 15841.040 3.6948579 -0.30163065
77832.21 15840.745 3.6987301 -0.30391556
77833.02 15840.449 3.6996576 -0.29739164
77833.84 15840.153 3.7002715 -0.29763936
77834.66 15839.858 3.697945 -0.29666796
77835.47 15839.562 3.697887 -0.29717492
77836.29 15839.266 3.7007878 -0.29304803
77837.10 15838.971 3.6981028 -0.2954464
77837.92 15838.675 3.7029147 -0.28976623
77838.74 15838.380 3.7036903 -0.29682667
77839.56 15838.084 3.7092614 -0.29030721
77840.37 15837.788 3.7063519 -0.28442594
77841.19 15837.493 3.7116026 -0.28647719
77842.00 15837.197 3.708627 -0.28543209
77842.82 15836.902 3.7111133 -0.28682061
77843.63 15836.606 3.7118486 -0.28329217
77844.45 15836.310 3.7161599 -0.279555
77845.26 15836.015 3.7113357 -0.28163177
77846.08 15835.719 3.7140369 -0.27512567
77846.90 15835.423 3.7224213 -0.27453112
77847.71 15835.128 3.7198836 -0.27230286
77848.53 15834.832 3.7187519 -0.27425054
77849.35 15834.537 3.7225234 -0.27070558
77850.16 15834.241 3.7256661 -0.26271354
77850.98 15833.945 3.7335146 -0.26038649
77851.80 15833.650 3.734704 -0.25629453
77852.61 15833.354 3.7339944 -0.25609592
77853.43 15833.058 3.7364744 -0.25377216
77854.24 15832.763 3.735646 -0.25563455
77855.06 15832.467 3.7452608 -0.2472292
77855.88 15832.172 3.754986 -0.24221589
77856.69 15831.876 3.7519042 -0.2444668
77857.51 15831.580 3.7572809 -0.2416042
77858.33 15831.285 3.7662428 -0.23337947
77859.15 15830.989 3.7694838 -0.23033377
77859.96 15830.694 3.7709954 -0.22721424
77860.78 15830.398 3.7839236 -0.22288467
77861.60 15830.102 3.7822115 -0.22403553
77862.41 15829.807 3.792135 -0.22368789
77863.23 15829.511 3.8082469 -0.21140335
77864.04 15829.215 3.8102555 -0.21008459
77864.86 15828.920 3.8239182 -0.21430372
77865.67 15828.624 3.8262287 -0.21077582
77866.49 15828.329 3.839727 -0.20780843
77867.31 15828.033 3.8472822 -0.20293142
77868.12 15827.737 3.863242 -0.20359063
77868.94 15827.442 3.8674866 -0.20441526
77869.76 15827.146 3.8841681 -0.20376481
77870.58 15826.851 3.8924386 -0.20773396
77871.39 15826.555 3.9081924 -0.21170675
77872.21 15826.259 3.9212682 -0.21056287
77873.02 15825.964 3.9344072 -0.21880105
77873.84 15825.668 3.9519687 -0.21147588
77874.65 15825.372 3.9636539 -0.22500055
77875.47 15825.077 3.9814768 -0.23731002
77876.29 15824.781 3.993111 -0.25358315
77877.10 15824.486 4.0060117 -0.2618095
77877.92 15824.190 4.0158302 -0.27979459
77878.73 15823.894 4.0276759 -0.29417401
77879.55 15823.599 4.0402592 -0.32134324
77880.37 15823.303 4.0457226 -0.34610585
77881.18 15823.008 4.0531286 -0.3860863
77882.00 15822.712 4.041518 -0.42885299
77882.82 15822.416 4.0058999 -0.48147933
77883.64 15822.121 3.9408155 -0.53029061
77884.45 15821.825 3.8833891 -0.54166856
77885.27 15821.529 3.8530848 -0.53989743
77886.08 15821.234 3.828397 -0.53992511
77886.90 15820.938 3.8064293 -0.52841369
77887.71 15820.643 3.7989535 -0.51971824
77888.53 15820.347 3.7819723 -0.51471267
77889.34 15820.051 3.7804461 -0.52070692
77890.16 15819.756 3.768632 -0.51267125
77890.98 15819.460 3.7644263 -0.5105415
77891.79 15819.165 3.7538148 -0.50717534
77892.61 15818.869 3.7473394 -0.50073339
77893.42 15818.573 3.7480045 -0.49609827
77894.24 15818.278 3.7450643 -0.49047327
77895.06 15817.982 3.7374623 -0.4935801
77895.88 15817.686 3.7345699 -0.48560395
77896.69 15817.391 3.7333439 -0.48306026
77897.51 15817.095 3.7263023 -0.47688354
77898.33 15816.800 3.7293401 -0.48127714
77899.14 15816.504 3.7185307 -0.47499495
77899.96 15816.208 3.7209074 -0.46628199
77900.78 15815.913 3.7171023 -0.46926925
77901.60 15815.617 3.7139419 -0.46992153
77902.42 15815.322 3.7147863 -0.46409033
77903.23 15815.026 3.7111263 -0.46226683
77904.05 15814.730 3.7153798 -0.45664351
77904.87 15814.435 3.7145967 -0.4582254
77905.68 15814.139 3.7125758 -0.44941595
77906.50 15813.843 3.7120594 -0.45345303
77907.31 15813.548 3.7111556 -0.45310787
77908.13 15813.252 3.7050429 -0.44924565
77908.94 15812.957 3.7051175 -0.45225164
77909.75 15812.661 3.7019918 -0.45009915
77910.57 15812.365 3.7007353 -0.44509488
77911.38 15812.070 3.7013735 -0.44737257
77912.20 15811.774 3.7001487 -0.44806197
77913.01 15811.478 3.7037878 -0.44549387
77913.83 15811.183 3.6958306 -0.43853819
77914.64 15810.887 3.6997046 -0.43669021
77915.46 15810.592 3.6985259 -0.43894246
77916.28 15810.296 3.6952879 -0.4380538
77917.09 15810.000 3.7020161 -0.43888346
77917.91 15809.705 3.700897 -0.43473923
77918.72 15809.409 3.6948204 -0.43994032
77919.54 15809.114 3.6950219 -0.43340071
77920.35 15808.818 3.6961007 -0.43668481
77921.16 15808.522 3.6997258 -0.43175979
77921.98 15808.227 3.6963484 -0.43204651
77922.79 15807.931 3.7027689 -0.42459246
77923.61 15807.635 3.6932843 -0.42901038
77924.43 15807.340 3.6930176 -0.42499954
77925.24 15807.044 3.6960648 -0.42644049
77926.06 15806.749 3.6918736 -0.43085493
77926.88 15806.453 3.6951749 -0.43017201
