# Sweep from 15805.629Hz to 15844.896Hz step 0.32722499999999854Hz delay 0.8s
# Excitation 0.002072Vpp attenuator 0 dB
# time(s), freq(Hz), absorption(nA), dispersion(nA)
72789.03 15805.629 2.3121149 -0.37434683
72789.85 15805.956 2.3127111 -0.37415438
72790.66 15806.283 2.3120435 -0.37188502
72791.47 15806.611 2.3087766 -0.37727347
72792.29 15806.938 2.3090327 -0.37756479
72793.11 15807.265 2.3087262 -0.37873156
72793.92 15807.592 2.315888 -0.3702956
72794.74 15807.920 2.3094206 -0.37606674
72795.55 15808.247 2.3146192 -0.37392488
72796.37 15808.574 2.3174975 -0.37642741
72797.18 15808.901 2.311129 -0.38351044
72798.00 15809.228 2.3125328 -0.37860437
72798.82 15809.556 2.3158721 -0.38555748
72799.64 15809.883 2.3183559 -0.38448016
72800.46 15810.210 2.3146088 -0.38610375
72801.27 15810.537 2.3134041 -0.37858683
72802.09 15810.865 2.3086479 -0.38315201
72802.90 15811.192 2.315446 -0.38842566
72803.72 15811.519 2.3171804 -0.38586901
72804.54 15811.846 2.3153582 -0.38546835
72805.35 15812.174 2.3168425 -0.38324904
72806.17 15812.501 2.3151547 -0.39155836
72806.99 15812.828 2.3208572 -0.39041535
72807.81 15813.155 2.3198552 -0.39096258
72808.62 15813.482 2.3118489 -0.38114155
72809.44 15813.810 2.3184509 -0.39397361
72810.26 15814.137 2.321282 -0.39235067
72811.08 15814.464 2.3245202 -0.39442148
72811.89 15814.791 2.3158409 -0.38769934
72812.71 15815.119 2.3308871 -0.39564006
72813.52 15815.446 2.3287064 -0.40653751
72814.33 15815.773 2.3275338 -0.39947096
72815.15 15816.100 2.3280077 -0.39541916
72815.97 15816.427 2.3247264 -0.40367979
72816.79 15816.755 2.3319565 -0.40509082
72817.60 15817.082 2.3350931 -0.40386365
72818.42 15817.409 2.3313162 -0.41303358
72819.23 15817.736 2.3346079 -0.40968823
72820.05 15818.064 2.3400382 -0.41056759
72820.86 15818.391 2.3419179 -0.41207204
72821.68 15818.718 2.3404427 -0.41676847
72822.49 15819.045 2.3475986 -0.41578917
72823.31 15819.372 2.3468958 -0.41993826
72824.13 15819.700 2.3562288 -0.42099197
72824.94 15820.027 2.3648502 -0.42405989
72825.76 15820.354 2.3690379 -0.42861205
72826.57 15820.681 2.3687389 -0.42823712
72827.39 15821.009 2.3804837 -0.43057383
72828.21 15821.336 2.3844673 -0.44040959
72829.03 15821.663 2.3935613 -0.43028285
72829.84 15821.990 2.4004121 -0.43631209
72830.66 15822.317 2.4098392 -0.4372985
72831.47 15822.645 2.4193535 -0.43309171
72832.29 15822.972 2.4400149 -0.42900848
72833.10 15823.299 2.4542876 -0.4289297
72833.92 15823.626 2.4592075 -0.42005311
72834.74 15823.954 2.4862024 -0.40183673
72835.55 15824.281 2.4998078 -0.38184547
72836.37 15824.608 2.5025829 -0.36220038
72837.19 15824.935 2.5141019 -0.34138293
72838.00 15825.263 2.504037 -0.32279627
72838.81 15825.590 2.5010268 -0.30418229
72839.63 15825.917 2.4943263 -0.28843024
72840.45 15826.244 2.4879294 -0.27722572
72841.26 15826.571 2.4754024 -0.26664821
72842.08 15826.899 2.4622502 -0.25795308
72842.90 15827.226 2.4528279 -0.25384514
72843.71 15827.553 2.4446415 -0.25149782
72844.53 15827.880 2.4333524 -0.23737449
72845.35 15828.208 2.4202459 -0.24014281
72846.16 15828.535 2.4183603 -0.23812858
72846.98 15828.862 2.40542 -0.24668
72847.80 15829.189 2.3908326 -0.24697036
72848.61 15829.516 2.3834525 -0.24261305
72849.43 15829.844 2.3786686 -0.24283017
72850.24 15830.171 2.3732669 -0.25322646
72851.06 15830.498 2.3664804 -0.25127119
72851.88 15830.825 2.3612572 -0.25263967
72852.69 15831.153 2.3590708 -0.25508928
72853.50 15831.480 2.3539026 -0.26021092
72854.32 15831.807 2.3500684 -0.26417425
72855.14 15832.134 2.3422147 -0.26153296
72855.95 15832.461 2.3427149 -0.26587736
72856.77 15832.789 2.3425362 -0.26479151
72857.59 15833.116 2.3361981 -0.2680722
72858.40 15833.443 2.3338232 -0.26960333
72859.22 15833.770 2.336837 -0.27691036
72860.04 15834.098 2.3323528 -0.27224758
72860.85 15834.425 2.3274433 -0.27063393
72861.67 15834.752 2.3204502 -0.27414677
72862.49 15835.079 2.3214614 -0.2782167
72863.30 15835.406 2.3206028 -0.28108039
72864.12 15835.734 2.3249943 -0.28234902
72864.94 15836.061 2.328168 -0.28259839
72865.75 15836.388 2.3234531 -0.28569374
72866.57 15836.715 2.3225364 -0.28694851
72867.39 15837.043 2.3224354 -0.28917739
72868.20 15837.370 2.3135683 -0.28629404
72869.01 15837.697 2.318126 -0.28245694
72869.83 15838.024 2.3184361 -0.28420658
72870.64 15838.352 2.3228301 -0.29006722
72871.46 15838.679 2.3162538 -0.28957231
72872.28 15839.006 2.3153702 -0.29416617
72873.09 15839.333 2.318623 -0.29093337
72873.90 15839.660 2.3147084 -0.29991463
72874.72 15839.988 2.3152033 -0.29403537
72875.54 15840.315 2.3076784 -0.29517247
72876.35 15840.642 2.3139842 -0.29259786
72877.16 15840.969 2.3094024 -0.29966949
72877.98 15841.297 2.3152547 -0.29361905
72878.80 15841.624 2.3079749 -0.29243728
72879.61 15841.951 2.3166681 -0.2972196
72880.43 15842.278 2.3121702 -0.30130587
72881.24 15842.605 2.309665 -0.30631014
72882.06 15842.933 2.3086368 -0.30147729
72882.88 15843.260 2.3018576 -0.30036952
72883.69 15843.587 2.312777 -0.29823502
72884.51 15843.914 2.3139398 -0.302156
72885.33 15844.242 2.3072002 -0.30656895
72886.14 15844.569 2.3062312 -0.30672851
72886.95 15844.896 2.3065427 -0.30001144
