# Sweep from 15805.941Hz to 15844.485Hz step 0.32119999999999893Hz delay 0.8s
# Excitation 0.002180Vpp attenuator 0 dB
# time(s), freq(Hz), absorption(nA), dispersion(nA)
72986.67 15805.941 2.4288818 -0.37792509
72987.49 15806.262 2.4287117 -0.37682344
72988.30 15806.583 2.431806 -0.37638898
72989.12 15806.905 2.4311048 -0.3821109
72989.94 15807.226 2.4251312 -0.38268371
72990.75 15807.547 2.4324581 -0.3780435
72991.57 15807.868 2.4308999 -0.38385102
72992.39 15808.189 2.430274 -0.3781611
72993.21 15808.511 2.4247743 -0.3800148
72994.02 15808.832 2.4314052 -0.38111693
72994.84 15809.153 2.4340582 -0.38648139
72995.65 15809.474 2.4303524 -0.38854839
72996.47 15809.795 2.431563 -0.38097622
72997.28 15810.117 2.4313708 -0.38869467
72998.10 15810.438 2.4363637 -0.38118853
72998.92 15810.759 2.4294686 -0.38756195
72999.73 15811.080 2.4320057 -0.39062829
73000.55 15811.401 2.4292212 -0.38911173
73001.37 15811.723 2.4340629 -0.39468193
73002.18 15812.044 2.4275732 -0.39482279
73003.00 15812.365 2.4349856 -0.39415895
73003.82 15812.686 2.4335652 -0.39395158
73004.63 15813.007 2.4380408 -0.39085913
73005.45 15813.329 2.4409403 -0.39757745
73006.26 15813.650 2.44236 -0.39781409
73007.08 15813.971 2.4420549 -0.39400291
73007.89 15814.292 2.4418559 -0.40008368
73008.71 15814.613 2.4431947 -0.40011753
73009.53 15814.935 2.4438234 -0.40189218
73010.34 15815.256 2.4458423 -0.40543949
73011.16 15815.577 2.4512465 -0.40467754
73011.97 15815.898 2.4415178 -0.40358154
73012.79 15816.219 2.4470023 -0.40197847
73013.60 15816.541 2.4511082 -0.40791844
73014.42 15816.862 2.4547214 -0.40513876
73015.24 15817.183 2.4528804 -0.41104894
73016.05 15817.504 2.4576498 -0.40962985
73016.87 15817.825 2.4588433 -0.41554318
73017.68 15818.147 2.4572248 -0.41061989
73018.50 15818.468 2.4619774 -0.42105088
73019.32 15818.789 2.4669646 -0.42292129
73020.13 15819.110 2.4718238 -0.42674708
73020.95 15819.431 2.4742112 -0.42652192
73021.76 15819.753 2.4799742 -0.43126562
73022.57 15820.074 2.4879259 -0.43388661
73023.39 15820.395 2.4846013 -0.43302816
73024.20 15820.716 2.4997626 -0.44333026
73025.02 15821.037 2.4993074 -0.43750003
73025.83 15821.359 2.5119261 -0.44332816
73026.65 15821.680 2.5139657 -0.440256
73027.46 15822.001 2.5250711 -0.44636855
73028.28 15822.322 2.534819 -0.44464588
73029.09 15822.643 2.5485249 -0.44368662
73029.90 15822.965 2.5621644 -0.43851182
73030.72 15823.286 2.5820898 -0.4305796
73031.54 15823.607 2.5966071 -0.43085581
73032.35 15823.928 2.612911 -0.41070984
73033.17 15824.249 2.6311836 -0.3847565
73033.99 15824.571 2.6415889 -0.35908596
73034.80 15824.892 2.6385346 -0.3408326
73035.62 15825.213 2.6360869 -0.32273022
73036.44 15825.534 2.6275404 -0.30827087
73037.25 15825.855 2.6267367 -0.28382453
73038.07 15826.177 2.6139085 -0.26788109
73038.89 15826.498 2.6018313 -0.26220084
73039.71 15826.819 2.5920233 -0.25576432
73040.53 15827.140 2.5809504 -0.25325329
73041.35 15827.461 2.5637337 -0.24264281
73042.16 15827.783 2.5595721 -0.24535683
73042.98 15828.104 2.5454422 -0.24291725
73043.79 15828.425 2.5364909 -0.23999289
73044.61 15828.746 2.531845 -0.23401216
73045.42 15829.067 2.5101003 -0.23542688
73046.23 15829.389 2.5112554 -0.23909428
73047.05 15829.710 2.5024062 -0.2454251
73047.87 15830.031 2.4963774 -0.24621929
73048.68 15830.352 2.4902793 -0.24676007
73049.50 15830.673 2.4846458 -0.24921482
73050.31 15830.995 2.4790793 -0.24776909
73051.13 15831.316 2.478359 -0.25255466
73051.95 15831.637 2.4678213 -0.25416975
73052.77 15831.958 2.4677768 -0.25858023
73053.58 15832.279 2.4613735 -0.26507806
73054.40 15832.601 2.4617541 -0.2616348
73055.21 15832.922 2.4628923 -0.26580057
73056.03 15833.243 2.4570325 -0.26412542
73056.85 15833.564 2.4558044 -0.27437923
73057.67 15833.885 2.4589806 -0.27273231
73058.49 15834.207 2.4564624 -0.27361017
73059.30 15834.528 2.4510832 -0.27549908
73060.12 15834.849 2.4556873 -0.27545954
73060.94 15835.170 2.4439692 -0.27958299
73061.75 15835.491 2.4426618 -0.27906776
73062.57 15835.813 2.4400063 -0.27970793
73063.38 15836.134 2.4465019 -0.28405944
73064.20 15836.455 2.4400467 -0.28482108
73065.02 15836.776 2.4401793 -0.28659483
73065.84 15837.097 2.4454832 -0.28612487
73066.65 15837.419 2.4385015 -0.28595915
73067.47 15837.740 2.4378965 -0.28534288
73068.28 15838.061 2.4389067 -0.289067
73069.10 15838.382 2.43765 -0.28913826
73069.91 15838.703 2.4302681 -0.29466341
73070.73 15839.025 2.4375263 -0.29767537
73071.54 15839.346 2.4302039 -0.29780483
73072.36 15839.667 2.4398296 -0.29472685
73073.18 15839.988 2.4351007 -0.29699456
73073.99 15840.309 2.4332635 -0.29659483
73074.81 15840.631 2.4327396 -0.29807313
73075.62 15840.952 2.4352448 -0.29569404
73076.44 15841.273 2.4310091 -0.30500377
73077.26 15841.594 2.4296628 -0.29831961
73078.07 15841.915 2.4323822 -0.29876182
73078.89 15842.237 2.4297487 -0.30232292
73079.70 15842.558 2.4326353 -0.29772087
73080.52 15842.879 2.4308983 -0.30087716
73081.33 15843.200 2.4357269 -0.30425562
73082.15 15843.521 2.4258302 -0.30179922
73082.96 15843.843 2.4268568 -0.3033428
73083.78 15844.164 2.4272342 -0.30725329
73084.59 15844.485 2.4292069 -0.30963363
